time,signal
0.0,0.0
0.01,0.0
0.02,0.0
0.03,0.0
0.04,0.0
0.05,0.0
0.06,0.0
0.07,0.0
0.08,0.0
0.09,0.0
0.1,0.0
0.11,0.0
0.12,0.0
0.13,0.0
0.14,0.0
0.15,0.0
0.16,0.0
0.17,0.0
0.18,0.0
0.19,0.0
0.2,0.0
0.21,0.0
0.22,0.0
0.23,0.0
0.24,0.0
0.25,0.0
0.26,0.0
0.27,0.0
0.28,0.0
0.29,0.0
0.3,0.0
0.31,0.0
0.32,0.0
0.33,0.0
0.34,0.0
0.35000000000000003,0.0
0.36,0.0
0.37,0.0
0.38,0.0
0.39,0.0
0.4,0.0
0.41000000000000003,0.0
0.42,0.0
0.43,0.0
0.44,0.0
0.45,0.0
0.46,0.0
0.47000000000000003,0.0
0.48,0.0
0.49,0.0
0.5,0.0
0.51,0.0
0.52,0.0
0.53,0.0
0.54,0.0
0.55,0.0
0.56,0.0
0.5700000000000001,0.0
0.58,0.0
0.59,0.0
0.6,0.0
0.61,0.0
0.62,0.0
0.63,0.0
0.64,0.0
0.65,0.0
0.66,0.0
0.67,0.0
0.68,0.0
0.6900000000000001,0.0
0.7000000000000001,0.0
0.71,0.0
0.72,0.0
0.73,0.0
0.74,0.0
0.75,0.0
0.76,0.0
0.77,0.0
0.78,0.0
0.79,0.0
0.8,0.0
0.81,0.0
0.8200000000000001,0.0
0.8300000000000001,0.0
0.84,0.0
0.85,0.0
0.86,0.0
0.87,0.0
0.88,0.0
0.89,0.0
0.9,0.0
0.91,0.0
0.92,0.0
0.93,0.0
0.9400000000000001,0.0
0.9500000000000001,0.0
0.96,0.0
0.97,0.0
0.98,0.0
0.99,0.0
1.0,0.0
1.01,0.0
1.02,0.0
1.03,0.0
1.04,0.0
1.05,0.0
1.06,0.0
1.07,0.0
1.08,0.0
1.09,0.0
1.1,0.0
1.11,0.0
1.12,0.0
1.1300000000000001,0.0
1.1400000000000001,0.0
1.1500000000000001,0.0
1.16,0.0
1.17,0.0
1.18,0.0
1.19,0.0
1.2,0.0
1.21,0.0
1.22,0.0
1.23,0.0
1.24,0.0
1.25,0.0
1.26,0.0
1.27,0.0
1.28,0.0
1.29,0.0
1.3,0.0
1.31,0.0
1.32,0.0
1.33,0.0
1.34,0.0
1.35,0.0
1.36,0.001
1.37,0.001
1.3800000000000001,0.001
1.3900000000000001,0.001
1.4000000000000001,0.001
1.41,0.001
1.42,0.001
1.43,0.001
1.44,0.001
1.45,0.001
1.46,0.001
1.47,0.001
1.48,0.001
1.49,0.001
1.5,0.001
1.51,0.001
1.52,0.001
1.53,0.001
1.54,0.001
1.55,0.001
1.56,0.001
1.57,0.001
1.58,0.001
1.59,0.001
1.6,0.001
1.61,0.002
1.62,0.002
1.6300000000000001,0.002
1.6400000000000001,0.002
1.6500000000000001,0.002
1.6600000000000001,0.002
1.67,0.002
1.68,0.002
1.69,0.002
1.7,0.002
1.71,0.002
1.72,0.003
1.73,0.003
1.74,0.003
1.75,0.003
1.76,0.003
1.77,0.003
1.78,0.003
1.79,0.003
1.8,0.004
1.81,0.004
1.82,0.004
1.83,0.004
1.84,0.004
1.85,0.004
1.86,0.005
1.87,0.005
1.8800000000000001,0.005
1.8900000000000001,0.005
1.9000000000000001,0.005
1.9100000000000001,0.006
1.92,0.006
1.93,0.006
1.94,0.006
1.95,0.007
1.96,0.007
1.97,0.007
1.98,0.007
1.99,0.008
2.0,0.008
2.0100000000000002,0.008
2.02,0.009
2.0300000000000002,0.009
2.04,0.009
2.05,0.01
2.06,0.01
2.07,0.011
2.08,0.011
2.09,0.011
2.1,0.012
2.11,0.012
2.12,0.013
2.13,0.013
2.14,0.014
2.15,0.014
2.16,0.015
2.17,0.016
2.18,0.016
2.19,0.017
2.2,0.018
2.21,0.018
2.22,0.019
2.23,0.02
2.24,0.02
2.25,0.021
2.2600000000000002,0.022
2.27,0.023
2.2800000000000002,0.024
2.29,0.025
2.3000000000000003,0.025
2.31,0.026
2.32,0.027
2.33,0.028
2.34,0.03
2.35,0.031
2.36,0.032
2.37,0.033
2.38,0.034
2.39,0.035
2.4,0.037
2.41,0.038
2.42,0.039
2.43,0.041
2.44,0.042
2.45,0.044
2.46,0.045
2.47,0.047
2.48,0.049
2.49,0.051
2.5,0.052
2.5100000000000002,0.054
2.52,0.056
2.5300000000000002,0.058
2.54,0.06
2.5500000000000003,0.062
2.56,0.064
2.57,0.067
2.58,0.069
2.59,0.071
2.6,0.074
2.61,0.076
2.62,0.079
2.63,0.082
2.64,0.085
2.65,0.088
2.66,0.091
2.67,0.094
2.68,0.097
2.69,0.1
2.7,0.103
2.71,0.107
2.72,0.11
2.73,0.114
2.74,0.118
2.75,0.122
2.7600000000000002,0.126
2.77,0.13
2.7800000000000002,0.134
2.79,0.139
2.8000000000000003,0.143
2.81,0.148
2.82,0.152
2.83,0.157
2.84,0.162
2.85,0.168
2.86,0.173
2.87,0.179
2.88,0.184
2.89,0.19
2.9,0.196
2.91,0.202
2.92,0.209
2.93,0.215
2.94,0.222
2.95,0.229
2.96,0.236
2.97,0.243
2.98,0.25
2.99,0.258
3.0,0.266
3.0100000000000002,0.274
3.02,0.282
3.0300000000000002,0.291
3.04,0.3
3.0500000000000003,0.309
3.06,0.318
3.0700000000000003,0.327
3.08,0.337
3.09,0.347
3.1,0.357
3.11,0.368
3.12,0.378
3.13,0.389
3.14,0.401
3.15,0.412
3.16,0.424
3.17,0.436
3.18,0.449
3.19,0.462
3.2,0.475
3.21,0.488
3.22,0.502
3.23,0.516
3.24,0.531
3.25,0.546
3.2600000000000002,0.561
3.27,0.576
3.2800000000000002,0.592
3.29,0.609
3.3000000000000003,0.625
3.31,0.642
3.3200000000000003,0.66
3.33,0.678
3.34,0.696
3.35,0.715
3.36,0.734
3.37,0.753
3.38,0.774
3.39,0.794
3.4,0.815
3.41,0.836
3.42,0.858
3.43,0.881
3.44,0.904
3.45,0.927
3.46,0.951
3.47,0.975
3.48,1.0
3.49,1.026
3.5,1.052
3.5100000000000002,1.078
3.52,1.105
3.5300000000000002,1.133
3.54,1.161
3.5500000000000003,1.19
3.56,1.22
3.5700000000000003,1.25
3.58,1.28
3.59,1.312
3.6,1.344
3.61,1.376
3.62,1.409
3.63,1.443
3.64,1.478
3.65,1.513
3.66,1.549
3.67,1.586
3.68,1.623
3.69,1.661
3.7,1.7
3.71,1.739
3.72,1.779
3.73,1.82
3.74,1.862
3.75,1.904
3.7600000000000002,1.948
3.77,1.992
3.7800000000000002,2.036
3.79,2.082
3.8000000000000003,2.128
3.81,2.176
3.8200000000000003,2.224
3.83,2.273
3.84,2.322
3.85,2.373
3.86,2.424
3.87,2.477
3.88,2.53
3.89,2.584
3.9,2.639
3.91,2.695
3.92,2.752
3.93,2.809
3.94,2.868
3.95,2.928
3.96,2.988
3.97,3.049
3.98,3.112
3.99,3.175
4.0,3.239
4.01,3.305
4.0200000000000005,3.371
4.03,3.438
4.04,3.506
4.05,3.576
4.0600000000000005,3.646
4.07,3.717
4.08,3.789
4.09,3.863
4.1,3.937
4.11,4.012
4.12,4.089
4.13,4.166
4.14,4.244
4.15,4.324
4.16,4.404
4.17,4.486
4.18,4.569
4.19,4.652
4.2,4.737
4.21,4.823
4.22,4.91
4.23,4.998
4.24,5.087
4.25,5.177
4.26,5.268
4.2700000000000005,5.36
4.28,5.453
4.29,5.548
4.3,5.643
4.3100000000000005,5.739
4.32,5.837
4.33,5.936
4.34,6.035
4.3500000000000005,6.136
4.36,6.238
4.37,6.34
4.38,6.444
4.39,6.549
4.4,6.655
4.41,6.762
4.42,6.87
4.43,6.979
4.44,7.089
4.45,7.201
4.46,7.313
4.47,7.426
4.48,7.54
4.49,7.655
4.5,7.771
4.51,7.888
4.5200000000000005,8.006
4.53,8.125
4.54,8.245
4.55,8.366
4.5600000000000005,8.488
4.57,8.61
4.58,8.734
4.59,8.858
4.6000000000000005,8.984
4.61,9.11
4.62,9.237
4.63,9.365
4.64,9.493
4.65,9.623
4.66,9.753
4.67,9.884
4.68,10.016
4.69,10.149
4.7,10.282
4.71,10.416
4.72,10.551
4.73,10.686
4.74,10.822
4.75,10.959
4.76,11.096
4.7700000000000005,11.234
4.78,11.373
4.79,11.512
4.8,11.651
4.8100000000000005,11.791
4.82,11.932
4.83,12.073
4.84,12.214
4.8500000000000005,12.356
4.86,12.498
4.87,12.641
4.88,12.784
4.89,12.927
4.9,13.071
4.91,13.215
4.92,13.359
4.93,13.504
4.94,13.648
4.95,13.793
4.96,13.938
4.97,14.083
4.98,14.228
4.99,14.373
5.0,14.518
5.01,14.663
5.0200000000000005,14.809
5.03,14.954
5.04,15.099
5.05,15.244
5.0600000000000005,15.388
5.07,15.533
5.08,15.677
5.09,15.821
5.1000000000000005,15.965
5.11,16.109
5.12,16.252
5.13,16.395
5.14,16.537
5.15,16.679
5.16,16.821
5.17,16.962
5.18,17.102
5.19,17.242
5.2,17.381
5.21,17.52
5.22,17.658
5.23,17.796
5.24,17.932
5.25,18.068
5.26,18.203
5.2700000000000005,18.338
5.28,18.471
5.29,18.604
5.3,18.735
5.3100000000000005,18.866
5.32,18.996
5.33,19.124
5.34,19.252
5.3500000000000005,19.378
5.36,19.504
5.37,19.628
5.38,19.751
5.39,19.873
5.4,19.993
5.41,20.113
5.42,20.231
5.43,20.347
5.44,20.463
5.45,20.577
5.46,20.689
5.47,20.8
5.48,20.91
5.49,21.018
5.5,21.124
5.51,21.229
5.5200000000000005,21.332
5.53,21.434
5.54,21.533
5.55,21.632
5.5600000000000005,21.728
5.57,21.823
5.58,21.916
5.59,22.007
5.6000000000000005,22.096
5.61,22.184
5.62,22.269
5.63,22.353
5.64,22.435
5.65,22.514
5.66,22.592
5.67,22.668
5.68,22.742
5.69,22.814
5.7,22.883
5.71,22.951
5.72,23.016
5.73,23.08
5.74,23.141
5.75,23.2
5.76,23.257
5.7700000000000005,23.312
5.78,23.364
5.79,23.415
5.8,23.463
5.8100000000000005,23.508
5.82,23.552
5.83,23.593
5.84,23.632
5.8500000000000005,23.669
5.86,23.703
5.87,23.735
5.88,23.765
5.89,23.792
5.9,23.817
5.91,23.84
5.92,23.86
5.93,23.878
5.94,23.894
5.95,23.907
5.96,23.918
5.97,23.926
5.98,23.932
5.99,23.936
6.0,23.937
6.01,23.936
6.0200000000000005,23.932
6.03,23.926
6.04,23.918
6.05,23.907
6.0600000000000005,23.894
6.07,23.879
6.08,23.861
6.09,23.84
6.1000000000000005,23.818
6.11,23.793
6.12,23.766
6.13,23.736
6.140000000000001,23.704
6.15,23.67
6.16,23.633
6.17,23.594
6.18,23.553
6.19,23.51
6.2,23.464
6.21,23.416
6.22,23.366
6.23,23.313
6.24,23.259
6.25,23.202
6.26,23.143
6.2700000000000005,23.082
6.28,23.018
6.29,22.953
6.3,22.886
6.3100000000000005,22.816
6.32,22.744
6.33,22.671
6.34,22.595
6.3500000000000005,22.518
6.36,22.438
6.37,22.356
6.38,22.273
6.390000000000001,22.188
6.4,22.1
6.41,22.011
6.42,21.92
6.43,21.828
6.44,21.733
6.45,21.637
6.46,21.539
6.47,21.44
6.48,21.338
6.49,21.235
6.5,21.131
6.51,21.025
6.5200000000000005,20.917
6.53,20.808
6.54,20.698
6.55,20.586
6.5600000000000005,20.472
6.57,20.358
6.58,20.241
6.59,20.124
6.6000000000000005,20.005
6.61,19.885
6.62,19.764
6.63,19.642
6.640000000000001,19.518
6.65,19.393
6.66,19.268
6.67,19.141
6.68,19.013
6.69,18.884
6.7,18.755
6.71,18.624
6.72,18.492
6.73,18.36
6.74,18.227
6.75,18.093
6.76,17.958
6.7700000000000005,17.823
6.78,17.687
6.79,17.55
6.8,17.413
6.8100000000000005,17.275
6.82,17.137
6.83,16.998
6.84,16.858
6.8500000000000005,16.719
6.86,16.579
6.87,16.438
6.88,16.297
6.890000000000001,16.156
6.9,16.015
6.91,15.873
6.92,15.732
6.93,15.59
6.94,15.448
6.95,15.306
6.96,15.164
6.97,15.022
6.98,14.88
6.99,14.738
7.0,14.596
7.01,14.454
7.0200000000000005,14.313
7.03,14.171
7.04,14.03
7.05,13.889
7.0600000000000005,13.749
7.07,13.609
7.08,13.469
7.09,13.329
7.1000000000000005,13.19
7.11,13.052
7.12,12.914
7.13,12.776
7.140000000000001,12.639
7.15,12.503
7.16,12.367
7.17,12.232
7.18,12.098
7.19,11.964
7.2,11.831
7.21,11.699
7.22,11.567
7.23,11.437
7.24,11.307
7.25,11.178
7.26,11.05
7.2700000000000005,10.923
7.28,10.797
7.29,10.672
7.3,10.548
7.3100000000000005,10.425
7.32,10.303
7.33,10.182
7.34,10.063
7.3500000000000005,9.944
7.36,9.827
7.37,9.711
7.38,9.596
7.390000000000001,9.482
7.4,9.37
7.41,9.259
7.42,9.149
7.43,9.041
7.44,8.934
7.45,8.829
7.46,8.724
7.47,8.622
7.48,8.521
7.49,8.421
7.5,8.323
7.51,8.226
7.5200000000000005,8.131
7.53,8.038
7.54,7.946
7.55,7.855
7.5600000000000005,7.767
7.57,7.68
7.58,7.594
7.59,7.511
7.6000000000000005,7.429
7.61,7.349
7.62,7.27
7.63,7.194
7.640000000000001,7.119
7.65,7.046
7.66,6.975
7.67,6.905
7.68,6.838
7.69,6.772
7.7,6.709
7.71,6.647
7.72,6.587
7.73,6.529
7.74,6.473
7.75,6.419
7.76,6.367
7.7700000000000005,6.317
7.78,6.269
7.79,6.223
7.8,6.179
7.8100000000000005,6.137
7.82,6.097
7.83,6.059
7.84,6.024
7.8500000000000005,5.99
7.86,5.958
7.87,5.929
7.88,5.902
7.890000000000001,5.876
7.9,5.853
7.91,5.832
7.92,5.814
7.930000000000001,5.797
7.94,5.783
7.95,5.77
7.96,5.76
7.97,5.752
7.98,5.746
7.99,5.743
8.0,5.741
8.01,5.742
8.02,5.745
8.03,5.75
8.040000000000001,5.758
8.05,5.767
8.06,5.779
8.07,5.793
8.08,5.809
8.09,5.827
8.1,5.848
8.11,5.87
8.120000000000001,5.895
8.13,5.922
8.14,5.951
8.15,5.982
8.16,6.015
8.17,6.051
8.18,6.089
8.19,6.128
8.2,6.17
8.21,6.214
8.22,6.26
8.23,6.308
8.24,6.358
8.25,6.41
8.26,6.464
8.27,6.52
8.28,6.578
8.290000000000001,6.638
8.3,6.7
8.31,6.764
8.32,6.83
8.33,6.898
8.34,6.967
8.35,7.039
8.36,7.112
8.370000000000001,7.187
8.38,7.263
8.39,7.342
8.4,7.422
8.41,7.503
8.42,7.587
8.43,7.672
8.44,7.758
8.45,7.846
8.46,7.936
8.47,8.027
8.48,8.119
8.49,8.213
8.5,8.308
8.51,8.404
8.52,8.502
8.53,8.601
8.540000000000001,8.701
8.55,8.802
8.56,8.905
8.57,9.008
8.58,9.113
8.59,9.218
8.6,9.324
8.61,9.432
8.620000000000001,9.54
8.63,9.648
8.64,9.758
8.65,9.868
8.66,9.979
8.67,10.09
8.68,10.202
8.69,10.314
8.700000000000001,10.427
8.71,10.54
8.72,10.654
8.73,10.767
8.74,10.881
8.75,10.995
8.76,11.11
8.77,11.224
8.78,11.338
8.790000000000001,11.452
8.8,11.566
8.81,11.679
8.82,11.793
8.83,11.906
8.84,12.019
8.85,12.131
8.86,12.243
8.870000000000001,12.354
8.88,12.465
8.89,12.574
8.9,12.684
8.91,12.792
8.92,12.9
8.93,13.006
8.94,13.112
8.950000000000001,13.217
8.96,13.32
8.97,13.423
8.98,13.524
8.99,13.624
9.0,13.723
9.01,13.82
9.02,13.916
9.03,14.011
9.040000000000001,14.104
9.05,14.195
9.06,14.285
9.07,14.373
9.08,14.46
9.09,14.544
9.1,14.627
9.11,14.708
9.120000000000001,14.787
9.13,14.864
9.14,14.939
9.15,15.012
9.16,15.082
9.17,15.151
9.18,15.218
9.19,15.282
9.200000000000001,15.344
9.21,15.404
9.22,15.461
9.23,15.516
9.24,15.568
9.25,15.618
9.26,15.666
9.27,15.711
9.28,15.754
9.290000000000001,15.794
9.3,15.831
9.31,15.866
9.32,15.898
9.33,15.928
9.34,15.955
9.35,15.979
9.36,16.0
9.370000000000001,16.019
9.38,16.035
9.39,16.048
9.4,16.059
9.41,16.066
9.42,16.071
9.43,16.073
9.44,16.073
9.450000000000001,16.069
9.46,16.063
9.47,16.054
9.48,16.042
9.49,16.027
9.5,16.01
9.51,15.99
9.52,15.967
9.53,15.941
9.540000000000001,15.913
9.55,15.881
9.56,15.848
9.57,15.811
9.58,15.772
9.59,15.73
9.6,15.685
9.61,15.638
9.620000000000001,15.588
9.63,15.535
9.64,15.48
9.65,15.423
9.66,15.363
9.67,15.3
9.68,15.235
9.69,15.168
9.700000000000001,15.098
9.71,15.026
9.72,14.952
9.73,14.875
9.74,14.796
9.75,14.715
9.76,14.632
9.77,14.547
9.78,14.459
9.790000000000001,14.37
9.8,14.278
9.81,14.185
9.82,14.09
9.83,13.993
9.84,13.894
9.85,13.793
9.86,13.691
9.870000000000001,13.587
9.88,13.481
9.89,13.374
9.9,13.265
9.91,13.155
9.92,13.044
9.93,12.931
9.94,12.817
9.950000000000001,12.701
9.96,12.584
9.97,12.467
9.98,12.348
9.99,12.228
10.0,12.107
10.01,11.985
10.02,11.862
10.03,11.738
10.040000000000001,11.614
10.05,11.489
10.06,11.363
10.07,11.237
10.08,11.11
10.09,10.982
10.1,10.854
10.11,10.726
10.120000000000001,10.597
10.13,10.468
10.14,10.338
10.15,10.209
10.16,10.079
10.17,9.949
10.18,9.819
10.19,9.689
10.200000000000001,9.559
10.21,9.429
10.22,9.299
10.23,9.169
10.24,9.04
10.25,8.911
10.26,8.782
10.27,8.653
10.28,8.525
10.290000000000001,8.397
10.3,8.269
10.31,8.142
10.32,8.016
10.33,7.89
10.34,7.765
10.35,7.64
10.36,7.516
10.370000000000001,7.393
10.38,7.27
10.39,7.148
10.4,7.027
10.41,6.907
10.42,6.787
10.43,6.669
10.44,6.551
10.450000000000001,6.434
10.46,6.319
10.47,6.204
10.48,6.09
10.49,5.977
10.5,5.865
10.51,5.755
10.52,5.645
10.53,5.537
10.540000000000001,5.429
10.55,5.323
10.56,5.218
10.57,5.114
10.58,5.011
10.59,4.91
10.6,4.809
10.61,4.71
10.620000000000001,4.612
10.63,4.515
10.64,4.42
10.65,4.326
10.66,4.233
10.67,4.141
10.68,4.05
10.69,3.961
10.700000000000001,3.873
10.71,3.787
10.72,3.701
10.73,3.617
10.74,3.534
10.75,3.453
10.76,3.372
10.77,3.293
10.78,3.216
10.790000000000001,3.139
10.8,3.064
10.81,2.99
10.82,2.918
10.83,2.846
10.84,2.776
10.85,2.707
10.86,2.639
10.870000000000001,2.573
10.88,2.508
10.89,2.444
10.9,2.381
10.91,2.319
10.92,2.259
10.93,2.2
10.94,2.142
10.950000000000001,2.085
10.96,2.029
10.97,1.974
10.98,1.921
10.99,1.869
11.0,1.817
11.01,1.767
11.02,1.718
11.03,1.67
11.040000000000001,1.623
11.05,1.577
11.06,1.532
11.07,1.488
11.08,1.445
11.09,1.404
11.1,1.363
11.11,1.323
11.120000000000001,1.284
11.13,1.245
11.14,1.208
11.15,1.172
11.16,1.137
11.17,1.102
11.18,1.068
11.19,1.035
11.200000000000001,1.003
11.21,0.972
11.22,0.942
11.23,0.912
11.24,0.883
11.25,0.855
11.26,0.828
11.27,0.801
11.28,0.776
11.290000000000001,0.75
11.3,0.726
11.31,0.702
11.32,0.679
11.33,0.656
11.34,0.635
11.35,0.613
11.36,0.593
11.370000000000001,0.573
11.38,0.553
11.39,0.534
11.4,0.516
11.41,0.498
11.42,0.481
11.43,0.464
11.44,0.448
11.450000000000001,0.432
11.46,0.417
11.47,0.402
11.48,0.387
11.49,0.373
11.5,0.36
11.51,0.347
11.52,0.334
11.53,0.322
11.540000000000001,0.31
11.55,0.299
11.56,0.288
11.57,0.277
11.58,0.267
11.59,0.257
11.6,0.247
11.61,0.237
11.620000000000001,0.228
11.63,0.22
11.64,0.211
11.65,0.203
11.66,0.195
11.67,0.187
11.68,0.18
11.69,0.173
11.700000000000001,0.166
11.71,0.16
11.72,0.153
11.73,0.147
11.74,0.141
11.75,0.135
11.76,0.13
11.77,0.125
11.78,0.12
11.790000000000001,0.115
11.8,0.11
11.81,0.105
11.82,0.101
11.83,0.097
11.84,0.093
11.85,0.089
11.86,0.085
11.870000000000001,0.081
11.88,0.078
11.89,0.075
11.9,0.071
11.91,0.068
11.92,0.065
11.93,0.063
11.94,0.06
11.950000000000001,0.057
11.96,0.055
11.97,0.052
11.98,0.05
11.99,0.048
12.0,0.046
12.01,0.044
12.02,0.042
12.030000000000001,0.04
12.040000000000001,0.038
12.05,0.036
12.06,0.035
12.07,0.033
12.08,0.031
12.09,0.03
12.1,0.029
12.11,0.027
12.120000000000001,0.026
12.13,0.025
12.14,0.024
12.15,0.022
12.16,0.021
12.17,0.02
12.18,0.019
12.19,0.018
12.200000000000001,0.018
12.21,0.017
12.22,0.016
12.23,0.015
12.24,0.014
12.25,0.014
12.26,0.013
12.27,0.012
12.280000000000001,0.012
12.290000000000001,0.011
12.3,0.011
12.31,0.01
12.32,0.01
12.33,0.009
12.34,0.009
12.35,0.008
12.36,0.008
12.370000000000001,0.007
12.38,0.007
12.39,0.007
12.4,0.006
12.41,0.006
12.42,0.006
12.43,0.005
12.44,0.005
12.450000000000001,0.005
12.46,0.005
12.47,0.004
12.48,0.004
12.49,0.004
12.5,0.004
12.51,0.003
12.52,0.003
12.530000000000001,0.003
12.540000000000001,0.003
12.55,0.003
12.56,0.003
12.57,0.003
12.58,0.002
12.59,0.002
12.6,0.002
12.61,0.002
12.620000000000001,0.002
12.63,0.002
12.64,0.002
12.65,0.002
12.66,0.002
12.67,0.001
12.68,0.001
12.69,0.001
12.700000000000001,0.001
12.71,0.001
12.72,0.001
12.73,0.001
12.74,0.001
12.75,0.001
12.76,0.001
12.77,0.001
12.780000000000001,0.001
12.790000000000001,0.001
12.8,0.001
12.81,0.001
12.82,0.001
12.83,0.001
12.84,0.001
12.85,0.0
12.86,0.0
12.870000000000001,0.0
12.88,0.0
12.89,0.0
12.9,0.0
12.91,0.0
12.92,0.0
12.93,0.0
12.94,0.0
12.950000000000001,0.0
12.96,0.0
12.97,0.0
12.98,0.0
12.99,0.0
13.0,0.0
13.01,0.0
13.02,0.0
13.030000000000001,0.0
13.040000000000001,0.0
13.05,0.0
13.06,0.0
13.07,0.0
13.08,0.0
13.09,0.0
13.1,0.0
13.11,0.0
13.120000000000001,0.0
13.13,0.0
13.14,0.0
13.15,0.0
13.16,0.0
13.17,0.0
13.18,0.0
13.19,0.0
13.200000000000001,0.0
13.21,0.0
13.22,0.0
13.23,0.0
13.24,0.0
13.25,0.0
13.26,0.0
13.27,0.0
13.280000000000001,0.0
13.290000000000001,0.0
13.3,0.0
13.31,0.0
13.32,0.0
13.33,0.0
13.34,0.0
13.35,0.0
13.36,0.0
13.370000000000001,0.0
13.38,0.0
13.39,0.0
13.4,0.0
13.41,0.0
13.42,0.0
13.43,0.0
13.44,0.0
13.450000000000001,0.0
13.46,0.0
13.47,0.0
13.48,0.0
13.49,0.0
13.5,0.0
13.51,0.0
13.52,0.0
13.530000000000001,0.0
13.540000000000001,0.0
13.55,0.0
13.56,0.0
13.57,0.0
13.58,0.0
13.59,0.0
13.6,0.0
13.61,0.0
13.620000000000001,0.0
13.63,0.0
13.64,0.0
13.65,0.0
13.66,0.0
13.67,0.0
13.68,0.0
13.69,0.0
13.700000000000001,0.0
13.71,0.0
13.72,0.0
13.73,0.0
13.74,0.0
13.75,0.0
13.76,0.0
13.77,0.0
13.780000000000001,0.0
13.790000000000001,0.0
13.8,0.0
13.81,0.0
13.82,0.0
13.83,0.0
13.84,0.0
13.85,0.0
13.86,0.0
13.870000000000001,0.0
13.88,0.0
13.89,0.0
13.9,0.0
13.91,0.0
13.92,0.0
13.93,0.0
13.94,0.0
13.950000000000001,0.0
13.96,0.0
13.97,0.0
13.98,0.0
13.99,0.0
14.0,0.0
14.01,0.0
14.02,0.0
14.030000000000001,0.0
14.040000000000001,0.0
14.05,0.0
14.06,0.0
14.07,0.0
14.08,0.0
14.09,0.0
14.1,0.0
14.11,0.0
14.120000000000001,0.0
14.13,0.0
14.14,0.0
14.15,0.0
14.16,0.0
14.17,0.0
14.18,0.0
14.19,0.0
14.200000000000001,0.0
14.21,0.0
14.22,0.0
14.23,0.0
14.24,0.0
14.25,0.0
14.26,0.0
14.27,0.0
14.280000000000001,0.0
14.290000000000001,0.0
14.3,0.0
14.31,0.0
14.32,0.0
14.33,0.0
14.34,0.0
14.35,0.0
14.36,0.0
14.370000000000001,0.0
14.38,0.0
14.39,0.0
14.4,0.0
14.41,0.0
14.42,0.0
14.43,0.0
14.44,0.0
14.450000000000001,0.0
14.46,0.0
14.47,0.0
14.48,0.0
14.49,0.0
14.5,0.0
14.51,0.0
14.52,0.0
14.530000000000001,0.0
14.540000000000001,0.0
14.55,0.0
14.56,0.0
14.57,0.0
14.58,0.0
14.59,0.0
14.6,0.0
14.61,0.0
14.620000000000001,0.0
14.63,0.0
14.64,0.0
14.65,0.0
14.66,0.0
14.67,0.0
14.68,0.0
14.69,0.0
14.700000000000001,0.0
14.71,0.0
14.72,0.0
14.73,0.0
14.74,0.0
14.75,0.0
14.76,0.0
14.77,0.0
14.780000000000001,0.0
14.790000000000001,0.0
14.8,0.0
14.81,0.0
14.82,0.0
14.83,0.0
14.84,0.0
14.85,0.0
14.86,0.0
14.870000000000001,0.0
14.88,0.0
14.89,0.0
14.9,0.0
14.91,0.0
14.92,0.0
14.93,0.0
14.94,0.0
14.950000000000001,0.0
14.96,0.0
14.97,0.0
14.98,0.0
14.99,0.0
15.0,0.0
15.01,0.0
15.02,0.0
15.030000000000001,0.0
15.040000000000001,0.0
15.05,0.0
15.06,0.0
15.07,0.0
15.08,0.0
15.09,0.0
15.1,0.0
15.11,0.0
15.120000000000001,0.0
15.13,0.0
15.14,0.0
15.15,0.0
15.16,0.0
15.17,0.0
15.18,0.0
15.19,0.0
15.200000000000001,0.0
15.21,0.0
15.22,0.0
15.23,0.0
15.24,0.0
15.25,0.0
15.26,0.0
15.27,0.0
15.280000000000001,0.0
15.290000000000001,0.0
15.3,0.0
15.31,0.0
15.32,0.0
15.33,0.0
15.34,0.0
15.35,0.0
15.36,0.0
15.370000000000001,0.0
15.38,0.0
15.39,0.0
15.4,0.0
15.41,0.0
15.42,0.0
15.43,0.0
15.44,0.0
15.450000000000001,0.0
15.46,0.0
15.47,0.0
15.48,0.0
15.49,0.0
15.5,0.0
15.51,0.0
15.52,0.0
15.530000000000001,0.0
15.540000000000001,0.0
15.55,0.0
15.56,0.0
15.57,0.0
15.58,0.0
15.59,0.0
15.6,0.0
15.610000000000001,0.0
15.620000000000001,0.0
15.63,0.0
15.64,0.0
15.65,0.0
15.66,0.0
15.67,0.0
15.68,0.0
15.69,0.0
15.700000000000001,0.0
15.71,0.0
15.72,0.0
15.73,0.0
15.74,0.0
15.75,0.0
15.76,0.0
15.77,0.0
15.780000000000001,0.0
15.790000000000001,0.0
15.8,0.0
15.81,0.0
15.82,0.0
15.83,0.0
15.84,0.0
15.85,0.0
15.860000000000001,0.0
15.870000000000001,0.0
15.88,0.0
15.89,0.0
15.9,0.0
15.91,0.0
15.92,0.0
15.93,0.0
15.94,0.0
15.950000000000001,0.0
15.96,0.0
15.97,0.0
15.98,0.0
15.99,0.0
16.0,0.0
16.01,0.0
16.02,0.0
16.03,0.0
16.04,0.0
16.05,0.0
16.06,0.0
16.07,0.0
16.080000000000002,0.0
16.09,0.0
16.1,0.0
16.11,0.0
16.12,0.0
16.13,0.0
16.14,0.0
16.15,0.0
16.16,0.0
16.17,0.0
16.18,0.0
16.19,0.0
16.2,0.0
16.21,0.0
16.22,0.0
16.23,0.0
16.240000000000002,0.0
16.25,0.0
16.26,0.0
16.27,0.0
16.28,0.0
16.29,0.0
16.3,0.001
16.31,0.001
16.32,0.001
16.330000000000002,0.001
16.34,0.001
16.35,0.001
16.36,0.001
16.37,0.001
16.38,0.001
16.39,0.001
16.4,0.001
16.41,0.001
16.42,0.001
16.43,0.001
16.44,0.001
16.45,0.001
16.46,0.001
16.47,0.001
16.48,0.001
16.490000000000002,0.001
16.5,0.001
16.51,0.001
16.52,0.001
16.53,0.001
16.54,0.001
16.55,0.001
16.56,0.001
16.57,0.001
16.580000000000002,0.001
16.59,0.001
16.6,0.001
16.61,0.001
16.62,0.001
16.63,0.001
16.64,0.001
16.65,0.001
16.66,0.001
16.67,0.001
16.68,0.001
16.69,0.001
16.7,0.001
16.71,0.001
16.72,0.001
16.73,0.001
16.740000000000002,0.001
16.75,0.001
16.76,0.001
16.77,0.001
16.78,0.001
16.79,0.001
16.8,0.001
16.81,0.001
16.82,0.001
16.830000000000002,0.001
16.84,0.001
16.85,0.001
16.86,0.001
16.87,0.001
16.88,0.001
16.89,0.001
16.9,0.002
16.91,0.002
16.92,0.002
16.93,0.002
16.94,0.002
16.95,0.002
16.96,0.002
16.97,0.002
16.98,0.002
16.990000000000002,0.002
17.0,0.002
17.01,0.002
17.02,0.002
17.03,0.002
17.04,0.002
17.05,0.002
17.06,0.002
17.07,0.002
17.080000000000002,0.002
17.09,0.002
17.1,0.002
17.11,0.002
17.12,0.002
17.13,0.002
17.14,0.002
17.150000000000002,0.002
17.16,0.002
17.17,0.002
17.18,0.002
17.19,0.003
17.2,0.003
17.21,0.003
17.22,0.003
17.23,0.003
17.240000000000002,0.003
17.25,0.003
17.26,0.003
17.27,0.003
17.28,0.003
17.29,0.003
17.3,0.003
17.31,0.003
17.32,0.003
17.330000000000002,0.003
17.34,0.003
17.35,0.003
17.36,0.003
17.37,0.003
17.38,0.003
17.39,0.004
17.400000000000002,0.004
17.41,0.004
17.42,0.004
17.43,0.004
17.44,0.004
17.45,0.004
17.46,0.004
17.47,0.004
17.48,0.004
17.490000000000002,0.004
17.5,0.004
17.51,0.004
17.52,0.004
17.53,0.004
17.54,0.005
17.55,0.005
17.56,0.005
17.57,0.005
17.580000000000002,0.005
17.59,0.005
17.6,0.005
17.61,0.005
17.62,0.005
17.63,0.005
17.64,0.005
17.650000000000002,0.005
17.66,0.006
17.67,0.006
17.68,0.006
17.69,0.006
17.7,0.006
17.71,0.006
17.72,0.006
17.73,0.006
17.740000000000002,0.006
17.75,0.006
17.76,0.007
17.77,0.007
17.78,0.007
17.79,0.007
17.8,0.007
17.81,0.007
17.82,0.007
17.830000000000002,0.007
17.84,0.007
17.85,0.008
17.86,0.008
17.87,0.008
17.88,0.008
17.89,0.008
17.900000000000002,0.008
17.91,0.008
17.92,0.008
17.93,0.009
17.94,0.009
17.95,0.009
17.96,0.009
17.97,0.009
17.98,0.009
17.990000000000002,0.009
18.0,0.01
18.01,0.01
18.02,0.01
18.03,0.01
18.04,0.01
18.05,0.01
18.06,0.011
18.07,0.011
18.080000000000002,0.011
18.09,0.011
18.1,0.011
18.11,0.011
18.12,0.012
18.13,0.012
18.14,0.012
18.150000000000002,0.012
18.16,0.012
18.17,0.013
18.18,0.013
18.19,0.013
18.2,0.013
18.21,0.013
18.22,0.014
18.23,0.014
18.240000000000002,0.014
18.25,0.014
18.26,0.015
18.27,0.015
18.28,0.015
18.29,0.015
18.3,0.015
18.31,0.016
18.32,0.016
18.330000000000002,0.016
18.34,0.016
18.35,0.017
18.36,0.017
18.37,0.017
18.38,0.017
18.39,0.018
18.400000000000002,0.018
18.41,0.018
18.42,0.019
18.43,0.019
18.44,0.019
18.45,0.019
18.46,0.02
18.47,0.02
18.48,0.02
18.490000000000002,0.021
18.5,0.021
18.51,0.021
18.52,0.022
18.53,0.022
18.54,0.022
18.55,0.023
18.56,0.023
18.57,0.023
18.580000000000002,0.024
18.59,0.024
18.6,0.024
18.61,0.025
18.62,0.025
18.63,0.026
18.64,0.026
18.650000000000002,0.026
18.66,0.027
18.67,0.027
18.68,0.028
18.69,0.028
18.7,0.028
18.71,0.029
18.72,0.029
18.73,0.03
18.740000000000002,0.03
18.75,0.031
18.76,0.031
18.77,0.032
18.78,0.032
18.79,0.032
18.8,0.033
18.81,0.033
18.82,0.034
18.830000000000002,0.034
18.84,0.035
18.85,0.035
18.86,0.036
18.87,0.036
18.88,0.037
18.89,0.038
18.900000000000002,0.038
18.91,0.039
18.92,0.039
18.93,0.04
18.94,0.04
18.95,0.041
18.96,0.042
18.97,0.042
18.98,0.043
18.990000000000002,0.043
19.0,0.044
19.01,0.045
19.02,0.045
19.03,0.046
19.04,0.047
19.05,0.047
19.06,0.048
19.07,0.049
19.080000000000002,0.049
19.09,0.05
19.1,0.051
19.11,0.052
19.12,0.052
19.13,0.053
19.14,0.054
19.150000000000002,0.055
19.16,0.055
19.17,0.056
19.18,0.057
19.19,0.058
19.2,0.059
19.21,0.059
19.22,0.06
19.23,0.061
19.240000000000002,0.062
19.25,0.063
19.26,0.064
19.27,0.065
19.28,0.066
19.29,0.066
19.3,0.067
19.31,0.068
19.32,0.069
19.330000000000002,0.07
19.34,0.071
19.35,0.072
19.36,0.073
19.37,0.074
19.38,0.075
19.39,0.076
19.400000000000002,0.077
19.41,0.078
19.42,0.08
19.43,0.081
19.44,0.082
19.45,0.083
19.46,0.084
19.47,0.085
19.48,0.086
19.490000000000002,0.088
19.5,0.089
19.51,0.09
19.52,0.091
19.53,0.092
19.54,0.094
19.55,0.095
19.56,0.096
19.57,0.098
19.580000000000002,0.099
19.59,0.1
19.6,0.102
19.61,0.103
19.62,0.104
19.63,0.106
19.64,0.107
19.650000000000002,0.109
19.66,0.11
19.67,0.112
19.68,0.113
19.69,0.115
19.7,0.116
19.71,0.118
19.72,0.119
19.73,0.121
19.740000000000002,0.122
19.75,0.124
19.76,0.126
19.77,0.127
19.78,0.129
19.79,0.131
19.8,0.132
19.81,0.134
19.82,0.136
19.830000000000002,0.138
19.84,0.14
19.85,0.141
19.86,0.143
19.87,0.145
19.88,0.147
19.89,0.149
19.900000000000002,0.151
19.91,0.153
19.92,0.155
19.93,0.157
19.94,0.159
19.95,0.161
19.96,0.163
19.97,0.165
19.98,0.167
19.990000000000002,0.169
20.0,0.172
20.01,0.174
20.02,0.176
20.03,0.178
20.04,0.181
20.05,0.183
20.06,0.185
20.07,0.188
20.080000000000002,0.19
20.09,0.192
20.1,0.195
20.11,0.197
20.12,0.2
20.13,0.202
20.14,0.205
20.150000000000002,0.208
20.16,0.21
20.17,0.213
20.18,0.216
20.19,0.218
20.2,0.221
20.21,0.224
20.22,0.227
20.23,0.229
20.240000000000002,0.232
20.25,0.235
20.26,0.238
20.27,0.241
20.28,0.244
20.29,0.247
20.3,0.25
20.31,0.253
20.32,0.256
20.330000000000002,0.26
20.34,0.263
20.35,0.266
20.36,0.269
20.37,0.273
20.38,0.276
20.39,0.279
20.400000000000002,0.283
20.41,0.286
20.42,0.29
20.43,0.293
20.44,0.297
20.45,0.3
20.46,0.304
20.47,0.308
20.48,0.312
20.490000000000002,0.315
20.5,0.319
20.51,0.323
20.52,0.327
20.53,0.331
20.54,0.335
20.55,0.339
20.56,0.343
20.57,0.347
20.580000000000002,0.351
20.59,0.355
20.6,0.359
20.61,0.364
20.62,0.368
20.63,0.372
20.64,0.377
20.650000000000002,0.381
20.66,0.386
20.67,0.39
20.68,0.395
20.69,0.4
20.7,0.404
20.71,0.409
20.72,0.414
20.73,0.419
20.740000000000002,0.424
20.75,0.429
20.76,0.434
20.77,0.439
20.78,0.444
20.79,0.449
20.8,0.454
20.81,0.459
20.82,0.465
20.830000000000002,0.47
20.84,0.475
20.85,0.481
20.86,0.486
20.87,0.492
20.88,0.498
20.89,0.503
20.900000000000002,0.509
20.91,0.515
20.92,0.521
20.93,0.527
20.94,0.533
20.95,0.539
20.96,0.545
20.97,0.551
20.98,0.557
20.990000000000002,0.564
21.0,0.57
21.01,0.576
21.02,0.583
21.03,0.589
21.04,0.596
21.05,0.603
21.06,0.609
21.07,0.616
21.080000000000002,0.623
21.09,0.63
21.1,0.637
21.11,0.644
21.12,0.651
21.13,0.658
21.14,0.666
21.150000000000002,0.673
21.16,0.68
21.17,0.688
21.18,0.695
21.19,0.703
21.2,0.711
21.21,0.718
21.22,0.726
21.23,0.734
21.240000000000002,0.742
21.25,0.75
21.26,0.758
21.27,0.767
21.28,0.775
21.29,0.783
21.3,0.792
21.31,0.8
21.32,0.809
21.330000000000002,0.818
21.34,0.826
21.35,0.835
21.36,0.844
21.37,0.853
21.38,0.862
21.39,0.871
21.400000000000002,0.881
21.41,0.89
21.42,0.899
21.43,0.909
21.44,0.919
21.45,0.928
21.46,0.938
21.47,0.948
21.48,0.958
21.490000000000002,0.968
21.5,0.978
21.51,0.988
21.52,0.998
21.53,1.009
21.54,1.019
21.55,1.03
21.56,1.041
21.57,1.051
21.580000000000002,1.062
21.59,1.073
21.6,1.084
21.61,1.095
21.62,1.107
21.63,1.118
21.64,1.129
21.650000000000002,1.141
21.66,1.153
21.67,1.164
21.68,1.176
21.69,1.188
21.7,1.2
21.71,1.212
21.72,1.225
21.73,1.237
21.740000000000002,1.249
21.75,1.262
21.76,1.275
21.77,1.287
21.78,1.3
21.79,1.313
21.8,1.326
21.81,1.34
21.82,1.353
21.830000000000002,1.366
21.84,1.38
21.85,1.394
21.86,1.407
21.87,1.421
21.88,1.435
21.89,1.449
21.900000000000002,1.464
21.91,1.478
21.92,1.492
21.93,1.507
21.94,1.522
21.95,1.537
21.96,1.551
21.97,1.567
21.98,1.582
21.990000000000002,1.597
22.0,1.612
22.01,1.628
22.02,1.644
22.03,1.659
22.04,1.675
22.05,1.691
22.06,1.708
22.07,1.724
22.080000000000002,1.74
22.09,1.757
22.1,1.773
22.11,1.79
22.12,1.807
22.13,1.824
22.14,1.841
22.150000000000002,1.859
22.16,1.876
22.17,1.894
22.18,1.912
22.19,1.929
22.2,1.947
22.21,1.966
22.22,1.984
22.23,2.002
22.240000000000002,2.021
22.25,2.04
22.26,2.058
22.27,2.077
22.28,2.096
22.29,2.116
22.3,2.135
22.31,2.155
22.32,2.174
22.330000000000002,2.194
22.34,2.214
22.35,2.234
22.36,2.255
22.37,2.275
22.38,2.296
22.39,2.316
22.400000000000002,2.337
22.41,2.358
22.42,2.379
22.43,2.401
22.44,2.422
22.45,2.444
22.46,2.466
22.47,2.487
22.48,2.51
22.490000000000002,2.532
22.5,2.554
22.51,2.577
22.52,2.599
22.53,2.622
22.54,2.645
22.55,2.669
22.56,2.692
22.57,2.715
22.580000000000002,2.739
22.59,2.763
22.6,2.787
22.61,2.811
22.62,2.835
22.63,2.86
22.64,2.885
22.650000000000002,2.909
22.66,2.934
22.67,2.959
22.68,2.985
22.69,3.01
22.7,3.036
22.71,3.062
22.72,3.088
22.73,3.114
22.740000000000002,3.14
22.75,3.167
22.76,3.194
22.77,3.22
22.78,3.247
22.79,3.275
22.8,3.302
22.81,3.33
22.82,3.357
22.830000000000002,3.385
22.84,3.413
22.85,3.442
22.86,3.47
22.87,3.499
22.88,3.527
22.89,3.556
22.900000000000002,3.586
22.91,3.615
22.92,3.644
22.93,3.674
22.94,3.704
22.95,3.734
22.96,3.764
22.97,3.795
22.98,3.826
22.990000000000002,3.856
23.0,3.887
23.01,3.919
23.02,3.95
23.03,3.981
23.04,4.013
23.05,4.045
23.06,4.077
23.07,4.11
23.080000000000002,4.142
23.09,4.175
23.1,4.208
23.11,4.241
23.12,4.274
23.13,4.308
23.14,4.341
23.150000000000002,4.375
23.16,4.409
23.17,4.443
23.18,4.478
23.19,4.512
23.2,4.547
23.21,4.582
23.22,4.618
23.23,4.653
23.240000000000002,4.689
23.25,4.724
23.26,4.76
23.27,4.797
23.28,4.833
23.29,4.87
23.3,4.906
23.31,4.943
23.32,4.981
23.330000000000002,5.018
23.34,5.056
23.35,5.093
23.36,5.131
23.37,5.169
23.38,5.208
23.39,5.246
23.400000000000002,5.285
23.41,5.324
23.42,5.363
23.43,5.403
23.44,5.443
23.45,5.482
23.46,5.522
23.47,5.563
23.48,5.603
23.490000000000002,5.644
23.5,5.684
23.51,5.725
23.52,5.767
23.53,5.808
23.54,5.85
23.55,5.892
23.56,5.934
23.57,5.976
23.580000000000002,6.018
23.59,6.061
23.6,6.104
23.61,6.147
23.62,6.19
23.63,6.234
23.64,6.277
23.650000000000002,6.321
23.66,6.365
23.67,6.41
23.68,6.454
23.69,6.499
23.7,6.544
23.71,6.589
23.72,6.634
23.73,6.68
23.740000000000002,6.726
23.75,6.772
23.76,6.818
23.77,6.864
23.78,6.911
23.79,6.957
23.8,7.004
23.81,7.051
23.82,7.099
23.830000000000002,7.146
23.84,7.194
23.85,7.242
23.86,7.29
23.87,7.339
23.88,7.387
23.89,7.436
23.900000000000002,7.485
23.91,7.534
23.92,7.584
23.93,7.633
23.94,7.683
23.95,7.733
23.96,7.783
23.97,7.834
23.98,7.884
23.990000000000002,7.935
24.0,7.986
24.01,8.038
24.02,8.089
24.03,8.141
24.04,8.192
24.05,8.244
24.060000000000002,8.297
24.07,8.349
24.080000000000002,8.402
24.09,8.454
24.1,8.507
24.11,8.561
24.12,8.614
24.13,8.667
24.14,8.721
24.150000000000002,8.775
24.16,8.829
24.17,8.884
24.18,8.938
24.19,8.993
24.2,9.048
24.21,9.103
24.22,9.158
24.23,9.214
24.240000000000002,9.269
24.25,9.325
24.26,9.381
24.27,9.438
24.28,9.494
24.29,9.551
24.3,9.607
24.310000000000002,9.664
24.32,9.721
24.330000000000002,9.779
24.34,9.836
24.35,9.894
24.36,9.952
24.37,10.01
24.38,10.068
24.39,10.127
24.400000000000002,10.185
24.41,10.244
24.42,10.303
24.43,10.362
24.44,10.421
24.45,10.481
24.46,10.54
24.47,10.6
24.48,10.66
24.490000000000002,10.72
24.5,10.78
24.51,10.841
24.52,10.901
24.53,10.962
24.54,11.023
24.55,11.084
24.560000000000002,11.146
24.57,11.207
24.580000000000002,11.269
24.59,11.33
24.6,11.392
24.61,11.454
24.62,11.516
24.63,11.579
24.64,11.641
24.650000000000002,11.704
24.66,11.767
24.67,11.83
24.68,11.893
24.69,11.956
24.7,12.019
24.71,12.083
24.72,12.147
24.73,12.21
24.740000000000002,12.274
24.75,12.339
24.76,12.403
24.77,12.467
24.78,12.532
24.79,12.596
24.8,12.661
24.810000000000002,12.726
24.82,12.791
24.830000000000002,12.856
24.84,12.921
24.85,12.987
24.86,13.052
24.87,13.118
24.88,13.184
24.89,13.249
24.900000000000002,13.315
24.91,13.382
24.92,13.448
24.93,13.514
24.94,13.581
24.95,13.647
24.96,13.714
24.97,13.781
24.98,13.847
24.990000000000002,13.914
25.0,13.981
25.01,14.049
25.02,14.116
25.03,14.183
25.04,14.251
25.05,14.318
25.060000000000002,14.386
25.07,14.453
25.080000000000002,14.521
25.09,14.589
25.1,14.657
25.11,14.725
25.12,14.793
25.13,14.862
25.14,14.93
25.150000000000002,14.998
25.16,15.067
25.17,15.135
25.18,15.204
25.19,15.272
25.2,15.341
25.21,15.41
25.22,15.479
25.23,15.547
25.240000000000002,15.616
25.25,15.685
25.26,15.754
25.27,15.823
25.28,15.893
25.29,15.962
25.3,16.031
25.310000000000002,16.1
25.32,16.17
25.330000000000002,16.239
25.34,16.308
25.35,16.378
25.36,16.447
25.37,16.517
25.38,16.586
25.39,16.656
25.400000000000002,16.725
25.41,16.795
25.42,16.865
25.43,16.934
25.44,17.004
25.45,17.074
25.46,17.143
25.47,17.213
25.48,17.283
25.490000000000002,17.352
25.5,17.422
25.51,17.492
25.52,17.561
25.53,17.631
25.54,17.701
25.55,17.77
25.560000000000002,17.84
25.57,17.91
25.580000000000002,17.979
25.59,18.049
25.6,18.118
25.61,18.188
25.62,18.257
25.63,18.327
25.64,18.396
25.650000000000002,18.466
25.66,18.535
25.67,18.605
25.68,18.674
25.69,18.743
25.7,18.813
25.71,18.882
25.72,18.951
25.73,19.02
25.740000000000002,19.089
25.75,19.158
25.76,19.227
25.77,19.296
25.78,19.365
25.79,19.434
25.8,19.502
25.810000000000002,19.571
25.82,19.639
25.830000000000002,19.708
25.84,19.776
25.85,19.845
25.86,19.913
25.87,19.981
25.88,20.049
25.89,20.117
25.900000000000002,20.185
25.91,20.253
25.92,20.32
25.93,20.388
25.94,20.455
25.95,20.523
25.96,20.59
25.97,20.657
25.98,20.724
25.990000000000002,20.791
26.0,20.858
26.01,20.924
26.02,20.991
26.03,21.057
26.04,21.124
26.05,21.19
26.060000000000002,21.256
26.07,21.322
26.080000000000002,21.388
26.09,21.453
26.1,21.519
26.11,21.584
26.12,21.649
26.13,21.714
26.14,21.779
26.150000000000002,21.844
26.16,21.909
26.17,21.973
26.18,22.037
26.19,22.101
26.2,22.165
26.21,22.229
26.22,22.293
26.23,22.356
26.240000000000002,22.419
26.25,22.482
26.26,22.545
26.27,22.608
26.28,22.67
26.29,22.733
26.3,22.795
26.310000000000002,22.857
26.32,22.918
26.330000000000002,22.98
26.34,23.041
26.35,23.102
26.36,23.163
26.37,23.224
26.38,23.284
26.39,23.344
26.400000000000002,23.404
26.41,23.464
26.42,23.524
26.43,23.583
26.44,23.642
26.45,23.701
26.46,23.76
26.47,23.818
26.48,23.877
26.490000000000002,23.934
26.5,23.992
26.51,24.05
26.52,24.107
26.53,24.164
26.54,24.22
26.55,24.277
26.560000000000002,24.333
26.57,24.389
26.580000000000002,24.445
26.59,24.5
26.6,24.555
26.61,24.61
26.62,24.665
26.63,24.719
26.64,24.773
26.650000000000002,24.827
26.66,24.88
26.67,24.933
26.68,24.986
26.69,25.039
26.7,25.091
26.71,25.143
26.72,25.195
26.73,25.246
26.740000000000002,25.297
26.75,25.348
26.76,25.398
26.77,25.448
26.78,25.498
26.79,25.548
26.8,25.597
26.810000000000002,25.646
26.82,25.694
26.830000000000002,25.742
26.84,25.79
26.85,25.837
26.86,25.884
26.87,25.931
26.88,25.977
26.89,26.023
26.900000000000002,26.068
26.91,26.113
26.92,26.158
26.93,26.202
26.94,26.245
26.95,26.289
26.96,26.331
26.97,26.374
26.98,26.415
26.990000000000002,26.457
27.0,26.497
27.01,26.537
27.02,26.577
27.03,26.616
27.04,26.654
27.05,26.691
27.060000000000002,26.728
27.07,26.764
27.080000000000002,26.8
27.09,26.834
27.1,26.868
27.11,26.901
27.12,26.933
27.13,26.964
27.14,26.993
27.150000000000002,27.022
27.16,27.05
27.17,27.076
27.18,27.101
27.19,27.125
27.2,27.147
27.21,27.168
27.22,27.187
27.23,27.205
27.240000000000002,27.221
27.25,27.235
27.26,27.247
27.27,27.257
27.28,27.265
27.29,27.27
27.3,27.273
27.310000000000002,27.274
27.32,27.272
27.330000000000002,27.267
27.34,27.259
27.35,27.248
27.36,27.234
27.37,27.217
27.38,27.196
27.39,27.171
27.400000000000002,27.143
27.41,27.111
27.42,27.074
27.43,27.033
27.44,26.988
27.45,26.938
27.46,26.883
27.47,26.823
27.48,26.758
27.490000000000002,26.688
27.5,26.612
27.51,26.531
27.52,26.443
27.53,26.35
27.54,26.25
27.55,26.144
27.560000000000002,26.032
27.57,25.913
27.580000000000002,25.787
27.59,25.655
27.6,25.515
27.61,25.368
27.62,25.214
27.63,25.053
27.64,24.884
27.650000000000002,24.707
27.66,24.524
27.67,24.332
27.68,24.133
27.69,23.926
27.7,23.712
27.71,23.49
27.72,23.26
27.73,23.023
27.740000000000002,22.778
27.75,22.526
27.76,22.266
27.77,21.999
27.78,21.725
27.79,21.444
27.8,21.157
27.810000000000002,20.862
27.82,20.562
27.830000000000002,20.255
27.84,19.942
27.85,19.623
27.86,19.299
27.87,18.969
27.88,18.635
27.89,18.296
27.900000000000002,17.953
27.91,17.606
27.92,17.255
27.93,16.901
27.94,16.544
27.95,16.184
27.96,15.823
27.97,15.459
27.98,15.094
27.990000000000002,14.728
28.0,14.362
28.01,13.995
28.02,13.629
28.03,13.263
28.04,12.897
28.05,12.534
28.060000000000002,12.172
28.07,11.812
28.080000000000002,11.454
28.09,11.1
28.1,10.748
28.11,10.4
28.12,10.056
28.13,9.716
28.14,9.38
28.150000000000002,9.049
28.16,8.724
28.17,8.403
28.18,8.088
28.19,7.779
28.2,7.475
28.21,7.178
28.22,6.888
28.23,6.603
28.240000000000002,6.326
28.25,6.055
28.26,5.791
28.27,5.534
28.28,5.284
28.29,5.042
28.3,4.806
28.310000000000002,4.578
28.32,4.357
28.330000000000002,4.143
28.34,3.936
28.35,3.736
28.36,3.544
28.37,3.358
28.38,3.18
28.39,3.008
28.400000000000002,2.844
28.41,2.686
28.42,2.534
28.43,2.389
28.44,2.25
28.45,2.118
28.46,1.991
28.47,1.871
28.48,1.756
28.490000000000002,1.647
28.5,1.543
28.51,1.444
28.52,1.351
28.53,1.262
28.54,1.178
28.55,1.099
28.560000000000002,1.024
28.57,0.954
28.580000000000002,0.887
28.59,0.824
28.6,0.765
28.61,0.71
28.62,0.658
28.63,0.609
28.64,0.564
28.650000000000002,0.521
28.66,0.481
28.67,0.444
28.68,0.409
28.69,0.377
28.7,0.347
28.71,0.318
28.72,0.292
28.73,0.268
28.740000000000002,0.246
28.75,0.225
28.76,0.206
28.77,0.188
28.78,0.172
28.79,0.157
28.8,0.143
28.810000000000002,0.13
28.82,0.118
28.830000000000002,0.107
28.84,0.098
28.85,0.088
28.86,0.08
28.87,0.073
28.88,0.066
28.89,0.059
28.900000000000002,0.054
28.91,0.048
28.92,0.043
28.93,0.039
28.94,0.035
28.95,0.032
28.96,0.028
28.97,0.025
28.98,0.023
28.990000000000002,0.02
29.0,0.018
29.01,0.016
29.02,0.015
29.03,0.013
29.04,0.012
29.05,0.01
29.060000000000002,0.009
29.07,0.008
29.080000000000002,0.007
29.09,0.006
29.1,0.006
29.11,0.005
29.12,0.004
29.13,0.004
29.14,0.003
29.150000000000002,0.003
29.16,0.003
29.17,0.002
29.18,0.002
29.19,0.002
29.2,0.002
29.21,0.001
29.22,0.001
29.23,0.001
29.240000000000002,0.001
29.25,0.001
29.26,0.001
29.27,0.001
29.28,0.001
29.29,0.0
29.3,0.0
29.310000000000002,0.0
29.32,0.0
29.330000000000002,0.0
29.34,0.0
29.35,0.0
29.36,0.0
29.37,0.0
29.38,0.0
29.39,0.0
29.400000000000002,0.0
29.41,0.0
29.42,0.0
29.43,0.0
29.44,0.0
29.45,0.0
29.46,0.0
29.47,0.0
29.48,0.0
29.490000000000002,0.0
29.5,0.0
29.51,0.0
29.52,0.0
29.53,0.0
29.54,0.0
29.55,0.0
29.560000000000002,0.0
29.57,0.0
29.580000000000002,0.0
29.59,0.0
29.6,0.0
29.61,0.0
29.62,0.0
29.63,0.0
29.64,0.0
29.650000000000002,0.0
29.66,0.0
29.67,0.0
29.68,0.0
29.69,0.0
29.7,0.0
29.71,0.0
29.72,0.0
29.73,0.0
29.740000000000002,0.0
29.75,0.0
29.76,0.0
29.77,0.0
29.78,0.0
29.79,0.0
29.8,0.0
29.810000000000002,0.0
29.82,0.0
29.830000000000002,0.0
29.84,0.0
29.85,0.0
29.86,0.0
29.87,0.0
29.88,0.0
29.89,0.0
29.900000000000002,0.0
29.91,0.0
29.92,0.0
29.93,0.0
29.94,0.0
29.95,0.0
29.96,0.0
29.97,0.0
29.98,0.0
29.990000000000002,0.0
30.0,0.0
30.01,0.0
30.02,0.0
30.03,0.0
30.04,0.0
30.05,0.0
30.060000000000002,0.0
30.07,0.0
30.080000000000002,0.0
30.09,0.0
30.1,0.0
30.11,0.0
30.12,0.0
30.13,0.0
30.14,0.0
30.150000000000002,0.0
30.16,0.0
30.17,0.0
30.18,0.0
30.19,0.0
30.2,0.0
30.21,0.0
30.22,0.0
30.23,0.0
30.240000000000002,0.0
30.25,0.0
30.26,0.0
30.27,0.0
30.28,0.0
30.29,0.0
30.3,0.0
30.310000000000002,0.0
30.32,0.0
30.330000000000002,0.0
30.34,0.0
30.35,0.0
30.36,0.0
30.37,0.0
30.38,0.0
30.39,0.0
30.400000000000002,0.0
30.41,0.0
30.42,0.0
30.43,0.0
30.44,0.0
30.45,0.0
30.46,0.0
30.47,0.0
30.48,0.0
30.490000000000002,0.0
30.5,0.0
30.51,0.0
30.52,0.0
30.53,0.0
30.54,0.0
30.55,0.0
30.560000000000002,0.0
30.57,0.0
30.580000000000002,0.0
30.59,0.0
30.6,0.0
30.61,0.0
30.62,0.0
30.63,0.0
30.64,0.0
30.650000000000002,0.0
30.66,0.0
30.67,0.0
30.68,0.0
30.69,0.0
30.7,0.0
30.71,0.0
30.72,0.0
30.73,0.0
30.740000000000002,0.0
30.75,0.0
30.76,0.0
30.77,0.0
30.78,0.0
30.79,0.0
30.8,0.0
30.810000000000002,0.0
30.82,0.0
30.830000000000002,0.0
30.84,0.0
30.85,0.0
30.86,0.0
30.87,0.0
30.88,0.0
30.89,0.0
30.900000000000002,0.0
30.91,0.0
30.92,0.0
30.93,0.0
30.94,0.0
30.95,0.0
30.96,0.0
30.970000000000002,0.0
30.98,0.0
30.990000000000002,0.0
31.0,0.0
31.01,0.0
31.02,0.0
31.03,0.0
31.04,0.0
31.05,0.0
31.060000000000002,0.0
31.07,0.0
31.080000000000002,0.0
31.09,0.0
31.1,0.0
31.11,0.0
31.12,0.0
31.13,0.0
31.14,0.0
31.150000000000002,0.0
31.16,0.0
31.17,0.0
31.18,0.0
31.19,0.0
31.2,0.0
31.21,0.0
31.220000000000002,0.0
31.23,0.0
31.240000000000002,0.0
31.25,0.0
31.26,0.0
31.27,0.0
31.28,0.0
31.29,0.0
31.3,0.0
31.310000000000002,0.0
31.32,0.0
31.330000000000002,0.0
31.34,0.0
31.35,0.0
31.36,0.0
31.37,0.0
31.38,0.0
31.39,0.0
31.400000000000002,0.0
31.41,0.0
31.42,0.0
31.43,0.0
31.44,0.0
31.45,0.0
31.46,0.0
31.470000000000002,0.0
31.48,0.0
31.490000000000002,0.0
31.5,0.0
31.51,0.0
31.52,0.0
31.53,0.0
31.54,0.0
31.55,0.0
31.560000000000002,0.0
31.57,0.0
31.580000000000002,0.0
31.59,0.0
31.6,0.0
31.61,0.0
31.62,0.0
31.63,0.0
31.64,0.0
31.650000000000002,0.0
31.66,0.0
31.67,0.0
31.68,0.0
31.69,0.0
31.7,0.0
31.71,0.0
31.720000000000002,0.0
31.73,0.0
31.740000000000002,0.0
31.75,0.0
31.76,0.0
31.77,0.0
31.78,0.0
31.79,0.0
31.8,0.0
31.810000000000002,0.0
31.82,0.0
31.830000000000002,0.0
31.84,0.0
31.85,0.0
31.86,0.0
31.87,0.0
31.88,0.0
31.89,0.0
31.900000000000002,0.0
31.91,0.0
31.92,0.0
31.93,0.0
31.94,0.0
31.95,0.0
31.96,0.0
31.970000000000002,0.0
31.98,0.0
31.990000000000002,0.0
32.0,0.0
32.01,0.0
32.02,0.0
32.03,0.0
32.04,0.0
32.05,0.0
32.06,0.0
32.07,0.0
32.08,0.0
32.09,0.0
32.1,0.0
32.11,0.0
32.12,0.0
32.13,0.0
32.14,0.0
32.15,0.0
32.160000000000004,0.0
32.17,0.0
32.18,0.0
32.19,0.0
32.2,0.0
32.21,0.0
32.22,0.0
32.230000000000004,0.0
32.24,0.0
32.25,0.0
32.26,0.0
32.27,0.0
32.28,0.0
32.29,0.0
32.3,0.0
32.31,0.0
32.32,0.0
32.33,0.0
32.34,0.0
32.35,0.0
32.36,0.0
32.37,0.0
32.38,0.0
32.39,0.0
32.4,0.0
32.410000000000004,0.0
32.42,0.0
32.43,0.0
32.44,0.0
32.45,0.0
32.46,0.0
32.47,0.0
32.480000000000004,0.0
32.49,0.0
32.5,0.0
32.51,0.0
32.52,0.0
32.53,0.0
32.54,0.0
32.55,0.0
32.56,0.0
32.57,0.0
32.58,0.0
32.59,0.0
32.6,0.0
32.61,0.0
32.62,0.0
32.63,0.0
32.64,0.0
32.65,0.0
32.660000000000004,0.0
32.67,0.0
32.68,0.0
32.69,0.0
32.7,0.0
32.71,0.0
32.72,0.0
32.730000000000004,0.0
32.74,0.0
32.75,0.0
32.76,0.0
32.77,0.0
32.78,0.0
32.79,0.0
32.8,0.0
32.81,0.0
32.82,0.0
32.83,0.0
32.84,0.0
32.85,0.0
32.86,0.0
32.87,0.0
32.88,0.0
32.89,0.0
32.9,0.0
32.910000000000004,0.0
32.92,0.0
32.93,0.0
32.94,0.0
32.95,0.0
32.96,0.0
32.97,0.0
32.980000000000004,0.0
32.99,0.0
33.0,0.0
33.01,0.0
33.02,0.0
33.03,0.0
33.04,0.0
33.05,0.0
33.06,0.0
33.07,0.0
33.08,0.0
33.09,0.0
33.1,0.0
33.11,0.0
33.12,0.0
33.13,0.0
33.14,0.0
33.15,0.0
33.160000000000004,0.0
33.17,0.0
33.18,0.0
33.19,0.0
33.2,0.0
33.21,0.0
33.22,0.0
33.230000000000004,0.0
33.24,0.0
33.25,0.0
33.26,0.0
33.27,0.0
33.28,0.0
33.29,0.0
33.3,0.0
33.31,0.0
33.32,0.0
33.33,0.0
33.34,0.0
33.35,0.0
33.36,0.0
33.37,0.0
33.38,0.0
33.39,0.0
33.4,0.0
33.410000000000004,0.0
33.42,0.0
33.43,0.0
33.44,0.0
33.45,0.0
33.46,0.0
33.47,0.0
33.480000000000004,0.0
33.49,0.0
33.5,0.0
33.51,0.0
33.52,0.0
33.53,0.0
33.54,0.0
33.55,0.0
33.56,0.0
33.57,0.0
33.58,0.0
33.59,0.0
33.6,0.0
33.61,0.0
33.62,0.0
33.63,0.0
33.64,0.0
33.65,0.0
33.660000000000004,0.0
33.67,0.0
33.68,0.0
33.69,0.0
33.7,0.0
33.71,0.0
33.72,0.0
33.730000000000004,0.0
33.74,0.0
33.75,0.0
33.76,0.0
33.77,0.0
33.78,0.0
33.79,0.0
33.8,0.0
33.81,0.0
33.82,0.0
33.83,0.0
33.84,0.0
33.85,0.0
33.86,0.0
33.87,0.0
33.88,0.0
33.89,0.0
33.9,0.0
33.910000000000004,0.0
33.92,0.0
33.93,0.0
33.94,0.0
33.95,0.0
33.96,0.0
33.97,0.0
33.980000000000004,0.0
33.99,0.0
34.0,0.0
34.01,0.0
34.02,0.0
34.03,0.0
34.04,0.0
34.05,0.0
34.06,0.0
34.07,0.0
34.08,0.0
34.09,0.0
34.1,0.0
34.11,0.0
34.12,0.0
34.13,0.0
34.14,0.0
34.15,0.0
34.160000000000004,0.0
34.17,0.0
34.18,0.0
34.19,0.0
34.2,0.0
34.21,0.0
34.22,0.0
34.230000000000004,0.0
34.24,0.0
34.25,0.0
34.26,0.0
34.27,0.0
34.28,0.0
34.29,0.0
34.300000000000004,0.0
34.31,0.0
34.32,0.0
34.33,0.0
34.34,0.0
34.35,0.0
34.36,0.0
34.37,0.0
34.38,0.0
34.39,0.0
34.4,0.0
34.410000000000004,0.0
34.42,0.0
34.43,0.0
34.44,0.0
34.45,0.0
34.46,0.0
34.47,0.0
34.480000000000004,0.0
34.49,0.0
34.5,0.0
34.51,0.0
34.52,0.0
34.53,0.0
34.54,0.0
34.550000000000004,0.0
34.56,0.0
34.57,0.0
34.58,0.0
34.59,0.0
34.6,0.0
34.61,0.0
34.62,0.0
34.63,0.0
34.64,0.0
34.65,0.0
34.660000000000004,0.0
34.67,0.0
34.68,0.0
34.69,0.0
34.7,0.0
34.71,0.0
34.72,0.0
34.730000000000004,0.0
34.74,0.0
34.75,0.0
34.76,0.0
34.77,0.0
34.78,0.0
34.79,0.0
34.800000000000004,0.0
34.81,0.0
34.82,0.0
34.83,0.0
34.84,0.0
34.85,0.0
34.86,0.0
34.87,0.0
34.88,0.0
34.89,0.0
34.9,0.0
34.910000000000004,0.0
34.92,0.0
34.93,0.0
34.94,0.0
34.95,0.0
34.96,0.0
34.97,0.0
34.980000000000004,0.0
34.99,0.0
