time,signal
12.0,-15
12.00833,-14
12.01667,-14
12.025,-14
12.03333,-14
12.04167,-14
12.05,-14
12.05833,-14
12.06667,-13
12.075,-13
12.08333,-13
12.09167,-13
12.1,-12
12.10833,-12
12.11667,-12
12.125,-12
12.13333,-12
12.14167,-12
12.15,-12
12.15833,-12
12.16667,-12
12.175,-12
12.18333,-12
12.19167,-11
12.2,-11
12.20833,-11
12.21667,-10
12.225,-10
12.23333,-9
12.24167,-9
12.25,-9
12.25833,-9
12.26667,-9
12.275,-9
12.28333,-8
12.29167,-8
12.3,-8
12.30833,-8
12.31667,-8
12.325,-8
12.33333,-8
12.34167,-7
12.35,-7
12.35833,-7
12.36667,-7
12.375,-8
12.38333,-7
12.39167,-7
12.4,-7
12.40833,-7
12.41667,-7
12.425,-7
12.43333,-7
12.44167,-6
12.45,-6
12.45833,-7
12.46667,-7
12.475,-7
12.48333,-7
12.49167,-6
12.5,-6
12.50833,-6
12.51667,-6
12.525,-6
12.53333,-6
12.54167,-7
12.55,-7
12.55833,-7
12.56667,-6
12.575,-6
12.58333,-6
12.59167,-6
12.6,-6
12.60833,-6
12.61667,-5
12.625,-5
12.63333,-5
12.64167,-5
12.65,-5
12.65833,-4
12.66667,-4
12.675,-5
12.68333,-5
12.69167,-5
12.7,-5
12.70833,-5
12.71667,-5
12.725,-5
12.73333,-5
12.74167,-5
12.75,-5
12.75833,-5
12.76667,-5
12.775,-5
12.78333,-5
12.79167,-5
12.8,-5
12.80833,-5
12.81667,-5
12.825,-5
12.83333,-4
12.84167,-4
12.85,-4
12.85833,-4
12.86667,-4
12.875,-4
12.88333,-4
12.89167,-4
12.9,-4
12.90833,-4
12.91667,-4
12.925,-4
12.93333,-4
12.94167,-4
12.95,-4
12.95833,-4
12.96667,-4
12.975,-4
12.98333,-3
12.99167,-3
13.0,-3
13.00833,-3
13.01667,-3
13.025,-3
13.03333,-3
13.04167,-3
13.05,-3
13.05833,-2
13.06667,-2
13.075,-3
13.08333,-3
13.09167,-2
13.1,-2
13.10833,-1
13.11667,0
13.125,0
13.13333,1
13.14167,3
13.15,4
13.15833,6
13.16667,9
13.175,12
13.18333,17
13.19167,22
13.2,29
13.20833,36
13.21667,45
13.225,57
13.23333,70
13.24167,86
13.25,105
13.25833,128
13.26667,154
13.275,185
13.28333,220
13.29167,261
13.3,308
13.30833,361
13.31667,422
13.325,490
13.33333,566
13.34167,650
13.35,743
13.35833,846
13.36667,958
13.375,1081
13.38333,1214
13.39167,1358
13.4,1512
13.40833,1678
13.41667,1853
13.425,2040
13.43333,2236
13.44167,2442
13.45,2657
13.45833,2880
13.46667,3110
13.475,3347
13.48333,3590
13.49167,3837
13.5,4089
13.50833,4342
13.51667,4597
13.525,4851
13.53333,5104
13.54167,5354
13.55,5600
13.55833,5841
13.56667,6075
13.575,6301
13.58333,6519
13.59167,6726
13.6,6922
13.60833,7106
13.61667,7276
13.625,7433
13.63333,7575
13.64167,7702
13.65,7813
13.65833,7908
13.66667,7986
13.675,8046
13.68333,8090
13.69167,8117
13.7,8126
13.70833,8119
13.71667,8095
13.725,8055
13.73333,7998
13.74167,7927
13.75,7840
13.75833,7739
13.76667,7626
13.775,7499
13.78333,7361
13.79167,7211
13.8,7052
13.80833,6884
13.81667,6707
13.825,6524
13.83333,6334
13.84167,6139
13.85,5940
13.85833,5737
13.86667,5532
13.875,5326
13.88333,5119
13.89167,4913
13.9,4708
13.90833,4505
13.91667,4304
13.925,4106
13.93333,3911
13.94167,3721
13.95,3535
13.95833,3354
13.96667,3178
13.975,3008
13.98333,2843
13.99167,2684
14.0,2532
14.00833,2385
14.01667,2245
14.025,2111
14.03333,1984
14.04167,1862
14.05,1747
14.05833,1638
14.06667,1534
14.075,1437
14.08333,1345
14.09167,1259
14.1,1177
14.10833,1100
14.11667,1028
14.125,961
14.13333,898
14.14167,839
14.15,784
14.15833,733
14.16667,685
14.175,641
14.18333,600
14.19167,562
14.2,526
14.20833,493
14.21667,462
14.225,433
14.23333,407
14.24167,382
14.25,360
14.25833,339
14.26667,320
14.275,303
14.28333,286
14.29167,271
14.3,256
14.30833,243
14.31667,230
14.325,219
14.33333,208
14.34167,198
14.35,189
14.35833,180
14.36667,172
14.375,165
14.38333,159
14.39167,152
14.4,146
14.40833,140
14.41667,135
14.425,130
14.43333,126
14.44167,122
14.45,118
14.45833,114
14.46667,110
14.475,106
14.48333,103
14.49167,100
14.5,96
14.50833,93
14.51667,90
14.525,88
14.53333,85
14.54167,83
14.55,81
14.55833,79
14.56667,77
14.575,75
14.58333,73
14.59167,72
14.6,70
14.60833,68
14.61667,67
14.625,65
14.63333,64
14.64167,63
14.65,62
14.65833,60
14.66667,59
14.675,58
14.68333,57
14.69167,56
14.7,55
14.70833,54
14.71667,54
14.725,53
14.73333,52
14.74167,51
14.75,50
14.75833,49
14.76667,48
14.775,47
14.78333,46
14.79167,46
14.8,45
14.80833,44
14.81667,43
14.825,43
14.83333,42
14.84167,42
14.85,42
14.85833,42
14.86667,41
14.875,41
14.88333,40
14.89167,39
14.9,39
14.90833,38
14.91667,38
14.925,37
14.93333,37
14.94167,37
14.95,36
14.95833,36
14.96667,35
14.975,35
14.98333,34
14.99167,34
15.0,33
15.00833,33
15.01667,33
15.025,32
15.03333,32
15.04167,32
15.05,31
15.05833,30
15.06667,30
15.075,30
15.08333,30
15.09167,30
15.1,30
15.10833,30
15.11667,29
15.125,29
15.13333,28
15.14167,28
15.15,28
15.15833,28
15.16667,27
15.175,27
15.18333,27
15.19167,27
15.2,27
15.20833,27
15.21667,27
15.225,27
15.23333,27
15.24167,28
15.25,28
15.25833,29
15.26667,29
15.275,30
15.28333,31
15.29167,33
15.3,35
15.30833,37
15.31667,39
15.325,42
15.33333,46
15.34167,50
15.35,54
15.35833,60
15.36667,66
15.375,73
15.38333,81
15.39167,90
15.4,100
15.40833,111
15.41667,123
15.425,135
15.43333,149
15.44167,164
15.45,180
15.45833,196
15.46667,215
15.475,234
15.48333,255
15.49167,276
15.5,298
15.50833,321
15.51667,345
15.525,370
15.53333,395
15.54167,420
15.55,446
15.55833,472
15.56667,499
15.575,525
15.58333,552
15.59167,578
15.6,604
15.60833,629
15.61667,654
15.625,678
15.63333,701
15.64167,723
15.65,744
15.65833,764
15.66667,783
15.675,801
15.68333,818
15.69167,833
15.7,847
15.70833,859
15.71667,869
15.725,878
15.73333,885
15.74167,891
15.75,895
15.75833,897
15.76667,898
15.775,897
15.78333,894
15.79167,891
15.8,885
15.80833,878
15.81667,869
15.825,859
15.83333,847
15.84167,834
15.85,820
15.85833,805
15.86667,788
15.875,771
15.88333,752
15.89167,733
15.9,713
15.90833,693
15.91667,671
15.925,650
15.93333,628
15.94167,606
15.95,584
15.95833,561
15.96667,539
15.975,516
15.98333,494
15.99167,472
16.0,451
