time,signal
12.0,90
12.00833,90
12.01667,91
12.025,91
12.03333,91
12.04167,91
12.05,91
12.05833,91
12.06667,91
12.075,91
12.08333,90
12.09167,90
12.1,90
12.10833,90
12.11667,90
12.125,90
12.13333,90
12.14167,91
12.15,91
12.15833,91
12.16667,92
12.175,92
12.18333,92
12.19167,93
12.2,93
12.20833,93
12.21667,93
12.225,93
12.23333,93
12.24167,93
12.25,93
12.25833,93
12.26667,93
12.275,93
12.28333,93
12.29167,93
12.3,93
12.30833,93
12.31667,93
12.325,93
12.33333,93
12.34167,94
12.35,94
12.35833,94
12.36667,93
12.375,93
12.38333,92
12.39167,92
12.4,93
12.40833,93
12.41667,93
12.425,94
12.43333,94
12.44167,94
12.45,94
12.45833,94
12.46667,93
12.475,93
12.48333,93
12.49167,94
12.5,93
12.50833,93
12.51667,94
12.525,94
12.53333,94
12.54167,94
12.55,94
12.55833,93
12.56667,94
12.575,94
12.58333,94
12.59167,94
12.6,94
12.60833,94
12.61667,94
12.625,95
12.63333,95
12.64167,95
12.65,95
12.65833,95
12.66667,95
12.675,95
12.68333,95
12.69167,95
12.7,95
12.70833,95
12.71667,95
12.725,95
12.73333,95
12.74167,96
12.75,96
12.75833,96
12.76667,97
12.775,97
12.78333,97
12.79167,97
12.8,97
12.80833,97
12.81667,97
12.825,97
12.83333,97
12.84167,97
12.85,98
12.85833,98
12.86667,98
12.875,98
12.88333,98
12.89167,98
12.9,98
12.90833,98
12.91667,98
12.925,99
12.93333,99
12.94167,99
12.95,99
12.95833,99
12.96667,99
12.975,99
12.98333,99
12.99167,99
13.0,99
13.00833,99
13.01667,99
13.025,99
13.03333,99
13.04167,99
13.05,99
13.05833,99
13.06667,99
13.075,99
13.08333,99
13.09167,99
13.1,99
13.10833,99
13.11667,99
13.125,99
13.13333,99
13.14167,99
13.15,99
13.15833,99
13.16667,98
13.175,98
13.18333,98
13.19167,98
13.2,99
13.20833,99
13.21667,100
13.225,100
13.23333,101
13.24167,101
13.25,102
13.25833,102
13.26667,103
13.275,105
13.28333,106
13.29167,108
13.3,109
13.30833,111
13.31667,113
13.325,115
13.33333,118
13.34167,120
13.35,123
13.35833,126
13.36667,130
13.375,134
13.38333,138
13.39167,142
13.4,147
13.40833,152
13.41667,158
13.425,164
13.43333,171
13.44167,177
13.45,184
13.45833,192
13.46667,199
13.475,207
13.48333,214
13.49167,222
13.5,230
13.50833,239
13.51667,247
13.525,255
13.53333,263
13.54167,271
13.55,279
13.55833,287
13.56667,295
13.575,302
13.58333,309
13.59167,316
13.6,322
13.60833,328
13.61667,334
13.625,339
13.63333,344
13.64167,349
13.65,353
13.65833,356
13.66667,359
13.675,361
13.68333,363
13.69167,364
13.7,365
13.70833,365
13.71667,365
13.725,364
13.73333,362
13.74167,361
13.75,359
13.75833,356
13.76667,352
13.775,349
13.78333,345
13.79167,340
13.8,336
13.80833,330
13.81667,325
13.825,319
13.83333,313
13.84167,307
13.85,301
13.85833,295
13.86667,288
13.875,282
13.88333,275
13.89167,269
13.9,262
13.90833,256
13.91667,249
13.925,242
13.93333,235
13.94167,229
13.95,223
13.95833,216
13.96667,210
13.975,204
13.98333,199
13.99167,194
14.0,188
14.00833,183
14.01667,178
14.025,174
14.03333,169
14.04167,165
14.05,160
14.05833,156
14.06667,153
14.075,149
14.08333,146
14.09167,142
14.1,140
14.10833,137
14.11667,134
14.125,131
14.13333,129
14.14167,127
14.15,124
14.15833,122
14.16667,121
14.175,119
14.18333,118
14.19167,116
14.2,115
14.20833,113
14.21667,112
14.225,111
14.23333,110
14.24167,109
14.25,108
14.25833,107
14.26667,106
14.275,106
14.28333,105
14.29167,104
14.3,103
14.30833,103
14.31667,102
14.325,101
14.33333,101
14.34167,101
14.35,100
14.35833,100
14.36667,99
14.375,99
14.38333,99
14.39167,99
14.4,98
14.40833,98
14.41667,98
14.425,97
14.43333,97
14.44167,97
14.45,98
14.45833,97
14.46667,97
14.475,97
14.48333,97
14.49167,97
14.5,97
14.50833,97
14.51667,96
14.525,96
14.53333,96
14.54167,96
14.55,95
14.55833,95
14.56667,95
14.575,95
14.58333,94
14.59167,94
14.6,94
14.60833,94
14.61667,94
14.625,94
14.63333,94
14.64167,94
14.65,94
14.65833,94
14.66667,94
14.675,94
14.68333,94
14.69167,94
14.7,94
14.70833,94
14.71667,94
14.725,93
14.73333,93
14.74167,92
14.75,92
14.75833,92
14.76667,92
14.775,93
14.78333,92
14.79167,92
14.8,92
14.80833,92
14.81667,92
14.825,92
14.83333,91
14.84167,91
14.85,91
14.85833,91
14.86667,91
14.875,92
14.88333,92
14.89167,92
14.9,92
14.90833,92
14.91667,92
14.925,91
14.93333,91
14.94167,92
14.95,92
14.95833,92
14.96667,92
14.975,92
14.98333,92
14.99167,92
15.0,92
15.00833,92
15.01667,92
15.025,92
15.03333,93
15.04167,93
15.05,93
15.05833,92
15.06667,92
15.075,92
15.08333,92
15.09167,92
15.1,92
15.10833,92
15.11667,92
15.125,92
15.13333,92
15.14167,92
15.15,92
15.15833,92
15.16667,92
15.175,92
15.18333,92
15.19167,92
15.2,92
15.20833,92
15.21667,92
15.225,93
15.23333,93
15.24167,93
15.25,93
15.25833,92
15.26667,92
15.275,92
15.28333,92
15.29167,92
15.3,93
15.30833,93
15.31667,93
15.325,94
15.33333,95
15.34167,95
15.35,96
15.35833,98
15.36667,99
15.375,100
15.38333,101
15.39167,102
15.4,104
15.40833,106
15.41667,107
15.425,109
15.43333,111
15.44167,114
15.45,116
15.45833,119
15.46667,121
15.475,124
15.48333,127
15.49167,130
15.5,133
15.50833,137
15.51667,141
15.525,145
15.53333,148
15.54167,152
15.55,156
15.55833,160
15.56667,164
15.575,168
15.58333,172
15.59167,176
15.6,179
15.60833,183
15.61667,187
15.625,190
15.63333,194
15.64167,197
15.65,200
15.65833,203
15.66667,206
15.675,209
15.68333,211
15.69167,214
15.7,216
15.70833,217
15.71667,219
15.725,221
15.73333,223
15.74167,224
15.75,224
15.75833,225
15.76667,225
15.775,225
15.78333,225
15.79167,224
15.8,224
15.80833,223
15.81667,222
15.825,221
15.83333,220
15.84167,219
15.85,217
15.85833,215
15.86667,212
15.875,210
15.88333,207
15.89167,205
15.9,202
15.90833,199
15.91667,196
15.925,192
15.93333,189
15.94167,186
15.95,183
15.95833,180
15.96667,177
15.975,174
15.98333,170
15.99167,167
16.0,164
