time,signal
12.0,-8
12.00833,-8
12.01667,-7
12.025,-7
12.03333,-7
12.04167,-7
12.05,-8
12.05833,-8
12.06667,-8
12.075,-8
12.08333,-7
12.09167,-7
12.1,-7
12.10833,-7
12.11667,-7
12.125,-6
12.13333,-6
12.14167,-6
12.15,-6
12.15833,-6
12.16667,-5
12.175,-5
12.18333,-5
12.19167,-5
12.2,-5
12.20833,-4
12.21667,-3
12.225,-3
12.23333,-3
12.24167,-4
12.25,-3
12.25833,-4
12.26667,-4
12.275,-4
12.28333,-4
12.29167,-3
12.3,-3
12.30833,-3
12.31667,-2
12.325,-2
12.33333,-2
12.34167,-2
12.35,-2
12.35833,-2
12.36667,-2
12.375,-2
12.38333,-2
12.39167,-2
12.4,-2
12.40833,-2
12.41667,-2
12.425,-2
12.43333,-2
12.44167,-1
12.45,-1
12.45833,-1
12.46667,-1
12.475,-1
12.48333,-1
12.49167,-1
12.5,-1
12.50833,-1
12.51667,-1
12.525,-1
12.53333,-1
12.54167,-1
12.55,-1
12.55833,-1
12.56667,-1
12.575,0
12.58333,0
12.59167,0
12.6,0
12.60833,0
12.61667,0
12.625,0
12.63333,-1
12.64167,-1
12.65,-1
12.65833,-1
12.66667,-1
12.675,-1
12.68333,-1
12.69167,0
12.7,0
12.70833,0
12.71667,0
12.725,0
12.73333,0
12.74167,0
12.75,-1
12.75833,-1
12.76667,-1
12.775,0
12.78333,0
12.79167,1
12.8,1
12.80833,1
12.81667,1
12.825,1
12.83333,1
12.84167,0
12.85,0
12.85833,0
12.86667,1
12.875,1
12.88333,2
12.89167,2
12.9,2
12.90833,2
12.91667,2
12.925,2
12.93333,2
12.94167,2
12.95,2
12.95833,3
12.96667,3
12.975,3
12.98333,3
12.99167,3
13.0,3
13.00833,3
13.01667,3
13.025,3
13.03333,3
13.04167,3
13.05,3
13.05833,2
13.06667,2
13.075,2
13.08333,2
13.09167,3
13.1,3
13.10833,3
13.11667,4
13.125,4
13.13333,4
13.14167,5
13.15,6
13.15833,7
13.16667,8
13.175,9
13.18333,11
13.19167,14
13.2,17
13.20833,21
13.21667,26
13.225,32
13.23333,39
13.24167,46
13.25,56
13.25833,67
13.26667,80
13.275,95
13.28333,112
13.29167,132
13.3,156
13.30833,182
13.31667,212
13.325,246
13.33333,284
13.34167,326
13.35,373
13.35833,425
13.36667,482
13.375,544
13.38333,612
13.39167,684
13.4,762
13.40833,846
13.41667,935
13.425,1030
13.43333,1130
13.44167,1235
13.45,1344
13.45833,1458
13.46667,1576
13.475,1698
13.48333,1823
13.49167,1950
13.5,2079
13.50833,2209
13.51667,2340
13.525,2471
13.53333,2601
13.54167,2730
13.55,2856
13.55833,2981
13.56667,3101
13.575,3219
13.58333,3331
13.59167,3439
13.6,3540
13.60833,3636
13.61667,3725
13.625,3806
13.63333,3880
13.64167,3947
13.65,4005
13.65833,4055
13.66667,4096
13.675,4128
13.68333,4151
13.69167,4165
13.7,4171
13.70833,4168
13.71667,4157
13.725,4137
13.73333,4109
13.74167,4073
13.75,4030
13.75833,3979
13.76667,3922
13.775,3858
13.78333,3787
13.79167,3711
13.8,3630
13.80833,3544
13.81667,3454
13.825,3360
13.83333,3263
13.84167,3164
13.85,3062
13.85833,2958
13.86667,2853
13.875,2747
13.88333,2641
13.89167,2535
13.9,2430
13.90833,2325
13.91667,2222
13.925,2120
13.93333,2020
13.94167,1922
13.95,1827
13.95833,1733
13.96667,1643
13.975,1555
13.98333,1470
13.99167,1388
14.0,1309
14.00833,1234
14.01667,1162
14.025,1094
14.03333,1028
14.04167,965
14.05,906
14.05833,849
14.06667,796
14.075,746
14.08333,698
14.09167,654
14.1,612
14.10833,573
14.11667,536
14.125,501
14.13333,468
14.14167,438
14.15,409
14.15833,383
14.16667,358
14.175,335
14.18333,314
14.19167,294
14.2,275
14.20833,258
14.21667,242
14.225,227
14.23333,214
14.24167,202
14.25,190
14.25833,179
14.26667,169
14.275,160
14.28333,152
14.29167,144
14.3,136
14.30833,129
14.31667,123
14.325,117
14.33333,112
14.34167,107
14.35,102
14.35833,97
14.36667,93
14.375,89
14.38333,86
14.39167,82
14.4,80
14.40833,77
14.41667,74
14.425,72
14.43333,69
14.44167,67
14.45,65
14.45833,62
14.46667,60
14.475,58
14.48333,56
14.49167,55
14.5,53
14.50833,52
14.51667,51
14.525,50
14.53333,48
14.54167,47
14.55,46
14.55833,45
14.56667,44
14.575,43
14.58333,42
14.59167,41
14.6,40
14.60833,39
14.61667,38
14.625,37
14.63333,37
14.64167,36
14.65,36
14.65833,35
14.66667,34
14.675,33
14.68333,33
14.69167,32
14.7,31
14.70833,31
14.71667,30
14.725,30
14.73333,30
14.74167,30
14.75,30
14.75833,29
14.76667,29
14.775,28
14.78333,28
14.79167,27
14.8,27
14.80833,27
14.81667,26
14.825,26
14.83333,26
14.84167,25
14.85,25
14.85833,25
14.86667,24
14.875,23
14.88333,23
14.89167,23
14.9,23
14.90833,23
14.91667,22
14.925,22
14.93333,22
14.94167,22
14.95,22
14.95833,21
14.96667,21
14.975,21
14.98333,20
14.99167,20
15.0,20
15.00833,19
15.01667,19
15.025,19
15.03333,19
15.04167,19
15.05,18
15.05833,18
15.06667,18
15.075,18
15.08333,18
15.09167,18
15.1,18
15.10833,18
15.11667,18
15.125,18
15.13333,18
15.14167,18
15.15,18
15.15833,18
15.16667,17
15.175,17
15.18333,18
15.19167,17
15.2,17
15.20833,17
15.21667,17
15.225,17
15.23333,17
15.24167,18
15.25,18
15.25833,18
15.26667,18
15.275,19
15.28333,19
15.29167,20
15.3,21
15.30833,23
15.31667,25
15.325,27
15.33333,29
15.34167,32
15.35,35
15.35833,39
15.36667,42
15.375,47
15.38333,52
15.39167,57
15.4,63
15.40833,70
15.41667,78
15.425,86
15.43333,95
15.44167,105
15.45,115
15.45833,126
15.46667,137
15.475,150
15.48333,163
15.49167,177
15.5,192
15.50833,207
15.51667,223
15.525,240
15.53333,256
15.54167,273
15.55,291
15.55833,308
15.56667,326
15.575,344
15.58333,361
15.59167,378
15.6,395
15.60833,412
15.61667,429
15.625,445
15.63333,460
15.64167,475
15.65,489
15.65833,503
15.66667,516
15.675,528
15.68333,540
15.69167,550
15.7,560
15.70833,568
15.71667,575
15.725,582
15.73333,587
15.74167,591
15.75,594
15.75833,596
15.76667,597
15.775,596
15.78333,595
15.79167,592
15.8,589
15.80833,584
15.81667,579
15.825,572
15.83333,564
15.84167,556
15.85,547
15.85833,537
15.86667,526
15.875,515
15.88333,502
15.89167,490
15.9,477
15.90833,463
15.91667,449
15.925,435
15.93333,420
15.94167,406
15.95,391
15.95833,377
15.96667,362
15.975,347
15.98333,332
15.99167,318
16.0,304
