time,signal
12.0,-11
12.00833,-11
12.01667,-10
12.025,-10
12.03333,-10
12.04167,-10
12.05,-10
12.05833,-10
12.06667,-10
12.075,-9
12.08333,-9
12.09167,-9
12.1,-8
12.10833,-8
12.11667,-8
12.125,-8
12.13333,-8
12.14167,-7
12.15,-7
12.15833,-7
12.16667,-7
12.175,-7
12.18333,-7
12.19167,-6
12.2,-6
12.20833,-6
12.21667,-5
12.225,-5
12.23333,-5
12.24167,-5
12.25,-5
12.25833,-5
12.26667,-6
12.275,-6
12.28333,-6
12.29167,-6
12.3,-6
12.30833,-6
12.31667,-6
12.325,-6
12.33333,-6
12.34167,-6
12.35,-6
12.35833,-6
12.36667,-6
12.375,-6
12.38333,-5
12.39167,-5
12.4,-5
12.40833,-4
12.41667,-4
12.425,-3
12.43333,-3
12.44167,-3
12.45,-3
12.45833,-3
12.46667,-3
12.475,-3
12.48333,-3
12.49167,-3
12.5,-3
12.50833,-3
12.51667,-3
12.525,-3
12.53333,-3
12.54167,-3
12.55,-3
12.55833,-2
12.56667,-3
12.575,-2
12.58333,-2
12.59167,-2
12.6,-2
12.60833,-2
12.61667,-2
12.625,-2
12.63333,-2
12.64167,-2
12.65,-2
12.65833,-2
12.66667,-2
12.675,-2
12.68333,-2
12.69167,-2
12.7,-2
12.70833,-2
12.71667,-1
12.725,-1
12.73333,-1
12.74167,-1
12.75,-1
12.75833,0
12.76667,0
12.775,0
12.78333,0
12.79167,0
12.8,0
12.80833,0
12.81667,0
12.825,-1
12.83333,0
12.84167,0
12.85,0
12.85833,0
12.86667,0
12.875,0
12.88333,0
12.89167,1
12.9,1
12.90833,1
12.91667,1
12.925,1
12.93333,1
12.94167,1
12.95,1
12.95833,1
12.96667,1
12.975,1
12.98333,1
12.99167,1
13.0,1
13.00833,1
13.01667,1
13.025,1
13.03333,1
13.04167,1
13.05,1
13.05833,1
13.06667,1
13.075,1
13.08333,1
13.09167,1
13.1,2
13.10833,2
13.11667,2
13.125,3
13.13333,3
13.14167,3
13.15,4
13.15833,5
13.16667,6
13.175,7
13.18333,8
13.19167,10
13.2,11
13.20833,14
13.21667,17
13.225,21
13.23333,26
13.24167,31
13.25,38
13.25833,45
13.26667,54
13.275,64
13.28333,76
13.29167,90
13.3,106
13.30833,124
13.31667,145
13.325,168
13.33333,194
13.34167,223
13.35,255
13.35833,290
13.36667,329
13.375,371
13.38333,417
13.39167,467
13.4,520
13.40833,578
13.41667,639
13.425,703
13.43333,772
13.44167,844
13.45,919
13.45833,997
13.46667,1077
13.475,1160
13.48333,1245
13.49167,1332
13.5,1420
13.50833,1509
13.51667,1599
13.525,1689
13.53333,1778
13.54167,1866
13.55,1953
13.55833,2038
13.56667,2121
13.575,2201
13.58333,2278
13.59167,2351
13.6,2420
13.60833,2484
13.61667,2545
13.625,2601
13.63333,2651
13.64167,2696
13.65,2736
13.65833,2770
13.66667,2797
13.675,2819
13.68333,2835
13.69167,2845
13.7,2849
13.70833,2846
13.71667,2838
13.725,2824
13.73333,2805
13.74167,2780
13.75,2750
13.75833,2714
13.76667,2675
13.775,2631
13.78333,2583
13.79167,2531
13.8,2476
13.80833,2417
13.81667,2355
13.825,2291
13.83333,2225
13.84167,2157
13.85,2087
13.85833,2016
13.86667,1945
13.875,1873
13.88333,1800
13.89167,1728
13.9,1656
13.90833,1584
13.91667,1514
13.925,1444
13.93333,1376
13.94167,1309
13.95,1244
13.95833,1180
13.96667,1119
13.975,1059
13.98333,1001
13.99167,946
14.0,892
14.00833,841
14.01667,792
14.025,745
14.03333,700
14.04167,658
14.05,617
14.05833,579
14.06667,542
14.075,508
14.08333,476
14.09167,445
14.1,417
14.10833,390
14.11667,365
14.125,341
14.13333,319
14.14167,298
14.15,279
14.15833,261
14.16667,244
14.175,229
14.18333,214
14.19167,201
14.2,188
14.20833,177
14.21667,166
14.225,156
14.23333,147
14.24167,138
14.25,130
14.25833,123
14.26667,116
14.275,110
14.28333,104
14.29167,98
14.3,93
14.30833,89
14.31667,84
14.325,81
14.33333,77
14.34167,74
14.35,71
14.35833,68
14.36667,65
14.375,62
14.38333,59
14.39167,57
14.4,55
14.40833,53
14.41667,51
14.425,49
14.43333,47
14.44167,46
14.45,45
14.45833,44
14.46667,42
14.475,41
14.48333,40
14.49167,39
14.5,38
14.50833,37
14.51667,36
14.525,35
14.53333,34
14.54167,34
14.55,33
14.55833,32
14.56667,31
14.575,30
14.58333,30
14.59167,29
14.6,29
14.60833,28
14.61667,27
14.625,27
14.63333,26
14.64167,26
14.65,25
14.65833,25
14.66667,24
14.675,23
14.68333,23
14.69167,22
14.7,22
14.70833,22
14.71667,22
14.725,22
14.73333,22
14.74167,21
14.75,21
14.75833,21
14.76667,20
14.775,20
14.78333,19
14.79167,19
14.8,19
14.80833,19
14.81667,19
14.825,19
14.83333,18
14.84167,18
14.85,18
14.85833,18
14.86667,18
14.875,18
14.88333,18
14.89167,18
14.9,18
14.90833,18
14.91667,17
14.925,17
14.93333,17
14.94167,17
14.95,17
14.95833,17
14.96667,17
14.975,17
14.98333,16
14.99167,16
15.0,16
15.00833,15
15.01667,15
15.025,14
15.03333,14
15.04167,14
15.05,14
15.05833,14
15.06667,14
15.075,14
15.08333,14
15.09167,14
15.1,14
15.10833,14
15.11667,14
15.125,14
15.13333,14
15.14167,14
15.15,14
15.15833,14
15.16667,14
15.175,14
15.18333,14
15.19167,14
15.2,13
15.20833,13
15.21667,13
15.225,13
15.23333,13
15.24167,13
15.25,13
15.25833,14
15.26667,14
15.275,14
15.28333,15
15.29167,16
15.3,17
15.30833,18
15.31667,20
15.325,21
15.33333,23
15.34167,25
15.35,27
15.35833,30
15.36667,33
15.375,36
15.38333,40
15.39167,44
15.4,48
15.40833,54
15.41667,59
15.425,65
15.43333,72
15.44167,80
15.45,87
15.45833,96
15.46667,105
15.475,115
15.48333,125
15.49167,136
15.5,147
15.50833,159
15.51667,170
15.525,182
15.53333,194
15.54167,207
15.55,220
15.55833,234
15.56667,247
15.575,261
15.58333,274
15.59167,287
15.6,300
15.60833,312
15.61667,325
15.625,337
15.63333,349
15.64167,361
15.65,371
15.65833,382
15.66667,391
15.675,400
15.68333,409
15.69167,417
15.7,424
15.70833,430
15.71667,436
15.725,441
15.73333,444
15.74167,447
15.75,449
15.75833,451
15.76667,451
15.775,451
15.78333,450
15.79167,448
15.8,445
15.80833,442
15.81667,437
15.825,433
15.83333,427
15.84167,421
15.85,414
15.85833,407
15.86667,398
15.875,390
15.88333,380
15.89167,371
15.9,361
15.90833,351
15.91667,341
15.925,330
15.93333,319
15.94167,307
15.95,296
15.95833,285
15.96667,274
15.975,263
15.98333,252
15.99167,241
16.0,230
