time,signal
0.0,0.0
0.01,0.0
0.02,0.0
0.03,0.0
0.04,0.0
0.05,0.0
0.06,0.0
0.07,0.0
0.08,0.0
0.09,0.0
0.1,0.0
0.11,0.0
0.12,0.0
0.13,0.0
0.14,0.0
0.15,0.0
0.16,0.0
0.17,0.0
0.18,0.0
0.19,0.0
0.2,0.0
0.21,0.0
0.22,0.0
0.23,0.0
0.24,0.0
0.25,0.0
0.26,0.0
0.27,0.0
0.28,0.0
0.29,0.0
0.3,0.0
0.31,0.0
0.32,0.0
0.33,0.0
0.34,0.0
0.35000000000000003,0.0
0.36,0.0
0.37,0.0
0.38,0.0
0.39,0.0
0.4,0.0
0.41000000000000003,0.0
0.42,0.0
0.43,0.0
0.44,0.0
0.45,0.0
0.46,0.0
0.47000000000000003,0.0
0.48,0.0
0.49,0.0
0.5,0.0
0.51,0.0
0.52,0.0
0.53,0.0
0.54,0.0
0.55,0.0
0.56,0.0
0.5700000000000001,0.0
0.58,0.0
0.59,0.0
0.6,0.0
0.61,0.0
0.62,0.0
0.63,0.0
0.64,0.0
0.65,0.0
0.66,0.0
0.67,0.0
0.68,0.0
0.6900000000000001,0.0
0.7000000000000001,0.0
0.71,0.0
0.72,0.0
0.73,0.0
0.74,0.0
0.75,0.0
0.76,0.0
0.77,0.0
0.78,0.0
0.79,0.0
0.8,0.0
0.81,0.0
0.8200000000000001,0.0
0.8300000000000001,0.0
0.84,0.0
0.85,0.0
0.86,0.0
0.87,0.0
0.88,0.0
0.89,0.0
0.9,0.0
0.91,0.0
0.92,0.0
0.93,0.0
0.9400000000000001,0.0
0.9500000000000001,0.0
0.96,0.0
0.97,0.0
0.98,0.0
0.99,0.0
1.0,0.0
1.01,0.0
1.02,0.0
1.03,0.0
1.04,0.0
1.05,0.0
1.06,0.0
1.07,0.0
1.08,0.0
1.09,0.0
1.1,0.0
1.11,0.0
1.12,0.0
1.1300000000000001,0.0
1.1400000000000001,0.0
1.1500000000000001,0.0
1.16,0.0
1.17,0.0
1.18,0.0
1.19,0.0
1.2,0.0
1.21,0.0
1.22,0.0
1.23,0.0
1.24,0.0
1.25,0.0
1.26,0.0
1.27,0.0
1.28,0.0
1.29,0.0
1.3,0.0
1.31,0.0
1.32,0.0
1.33,0.0
1.34,0.0
1.35,0.0
1.36,0.0
1.37,0.0
1.3800000000000001,0.0
1.3900000000000001,0.0
1.4000000000000001,0.0
1.41,0.0
1.42,0.0
1.43,0.0
1.44,0.0
1.45,0.0
1.46,0.0
1.47,0.0
1.48,0.0
1.49,0.0
1.5,0.0
1.51,0.0
1.52,0.0
1.53,0.0
1.54,0.0
1.55,0.0
1.56,0.0
1.57,0.0
1.58,0.0
1.59,0.0
1.6,0.0
1.61,0.0
1.62,0.0
1.6300000000000001,0.0
1.6400000000000001,0.0
1.6500000000000001,0.0
1.6600000000000001,0.0
1.67,0.0
1.68,0.0
1.69,0.0
1.7,0.0
1.71,0.0
1.72,0.0
1.73,0.0
1.74,0.0
1.75,0.0
1.76,0.0
1.77,0.0
1.78,0.0
1.79,0.0
1.8,0.0
1.81,0.0
1.82,0.0
1.83,0.0
1.84,0.0
1.85,0.0
1.86,0.0
1.87,0.0
1.8800000000000001,0.0
1.8900000000000001,0.0
1.9000000000000001,0.0
1.9100000000000001,0.0
1.92,0.0
1.93,0.0
1.94,0.0
1.95,0.0
1.96,0.0
1.97,0.0
1.98,0.0
1.99,0.0
2.0,0.0
2.0100000000000002,0.0
2.02,0.0
2.0300000000000002,0.0
2.04,0.0
2.05,0.0
2.06,0.0
2.07,0.0
2.08,0.0
2.09,0.0
2.1,0.0
2.11,0.0
2.12,0.0
2.13,0.0
2.14,0.0
2.15,0.0
2.16,0.0
2.17,0.0
2.18,0.0
2.19,0.0
2.2,0.0
2.21,0.0
2.22,0.0
2.23,0.0
2.24,0.0
2.25,0.0
2.2600000000000002,0.0
2.27,0.0
2.2800000000000002,0.0
2.29,0.0
2.3000000000000003,0.0
2.31,0.0
2.32,0.0
2.33,0.0
2.34,0.0
2.35,0.0
2.36,0.0
2.37,0.0
2.38,0.0
2.39,0.0
2.4,0.0
2.41,0.0
2.42,0.0
2.43,0.0
2.44,0.0
2.45,0.0
2.46,0.0
2.47,0.0
2.48,0.0
2.49,0.0
2.5,0.0
2.5100000000000002,0.0
2.52,0.0
2.5300000000000002,0.0
2.54,0.0
2.5500000000000003,0.0
2.56,0.0
2.57,0.0
2.58,0.0
2.59,0.0
2.6,0.0
2.61,0.0
2.62,0.0
2.63,0.0
2.64,0.0
2.65,0.0
2.66,0.0
2.67,0.0
2.68,0.0
2.69,0.0
2.7,0.0
2.71,0.0
2.72,0.0
2.73,0.0
2.74,0.0
2.75,0.0
2.7600000000000002,0.0
2.77,0.0
2.7800000000000002,0.0
2.79,0.0
2.8000000000000003,0.0
2.81,0.0
2.82,0.0
2.83,0.0
2.84,0.0
2.85,0.0
2.86,0.0
2.87,0.0
2.88,0.0
2.89,0.0
2.9,0.0
2.91,0.0
2.92,0.0
2.93,0.0
2.94,0.0
2.95,0.0
2.96,0.0
2.97,0.0
2.98,0.0
2.99,0.0
3.0,0.0
3.0100000000000002,0.0
3.02,0.0
3.0300000000000002,0.0
3.04,0.0
3.0500000000000003,0.0
3.06,0.0
3.0700000000000003,0.0
3.08,0.0
3.09,0.0
3.1,0.0
3.11,0.0
3.12,0.0
3.13,0.0
3.14,0.0
3.15,0.0
3.16,0.0
3.17,0.0
3.18,0.0
3.19,0.0
3.2,0.0
3.21,0.0
3.22,1.0
3.23,1.0
3.24,1.0
3.25,1.0
3.2600000000000002,1.0
3.27,1.0
3.2800000000000002,1.0
3.29,1.0
3.3000000000000003,1.0
3.31,1.0
3.3200000000000003,1.0
3.33,1.0
3.34,1.0
3.35,1.0
3.36,1.0
3.37,1.0
3.38,1.0
3.39,1.0
3.4,1.0
3.41,1.0
3.42,1.0
3.43,1.0
3.44,1.0
3.45,1.0
3.46,1.0
3.47,1.0
3.48,1.0
3.49,1.0
3.5,1.0
3.5100000000000002,1.0
3.52,1.0
3.5300000000000002,1.0
3.54,1.0
3.5500000000000003,1.0
3.56,1.0
3.5700000000000003,1.0
3.58,1.0
3.59,1.0
3.6,1.0
3.61,1.0
3.62,1.0
3.63,1.0
3.64,1.0
3.65,2.0
3.66,2.0
3.67,2.0
3.68,2.0
3.69,2.0
3.7,2.0
3.71,2.0
3.72,2.0
3.73,2.0
3.74,2.0
3.75,2.0
3.7600000000000002,2.0
3.77,2.0
3.7800000000000002,2.0
3.79,2.0
3.8000000000000003,2.0
3.81,2.0
3.8200000000000003,2.0
3.83,2.0
3.84,2.0
3.85,2.0
3.86,2.0
3.87,2.0
3.88,3.0
3.89,3.0
3.9,3.0
3.91,3.0
3.92,3.0
3.93,3.0
3.94,3.0
3.95,3.0
3.96,3.0
3.97,3.0
3.98,3.0
3.99,3.0
4.0,3.0
4.01,3.0
4.0200000000000005,3.0
4.03,3.0
4.04,4.0
4.05,4.0
4.0600000000000005,4.0
4.07,4.0
4.08,4.0
4.09,4.0
4.1,4.0
4.11,4.0
4.12,4.0
4.13,4.0
4.14,4.0
4.15,4.0
4.16,4.0
4.17,4.0
4.18,5.0
4.19,5.0
4.2,5.0
4.21,5.0
4.22,5.0
4.23,5.0
4.24,5.0
4.25,5.0
4.26,5.0
4.2700000000000005,5.0
4.28,5.0
4.29,6.0
4.3,6.0
4.3100000000000005,6.0
4.32,6.0
4.33,6.0
4.34,6.0
4.3500000000000005,6.0
4.36,6.0
4.37,6.0
4.38,6.0
4.39,7.0
4.4,7.0
4.41,7.0
4.42,7.0
4.43,7.0
4.44,7.0
4.45,7.0
4.46,7.0
4.47,7.0
4.48,8.0
4.49,8.0
4.5,8.0
4.51,8.0
4.5200000000000005,8.0
4.53,8.0
4.54,8.0
4.55,8.0
4.5600000000000005,8.0
4.57,9.0
4.58,9.0
4.59,9.0
4.6000000000000005,9.0
4.61,9.0
4.62,9.0
4.63,9.0
4.64,9.0
4.65,10.0
4.66,10.0
4.67,10.0
4.68,10.0
4.69,10.0
4.7,10.0
4.71,10.0
4.72,11.0
4.73,11.0
4.74,11.0
4.75,11.0
4.76,11.0
4.7700000000000005,11.0
4.78,11.0
4.79,12.0
4.8,12.0
4.8100000000000005,12.0
4.82,12.0
4.83,12.0
4.84,12.0
4.8500000000000005,12.0
4.86,12.0
4.87,13.0
4.88,13.0
4.89,13.0
4.9,13.0
4.91,13.0
4.92,13.0
4.93,14.0
4.94,14.0
4.95,14.0
4.96,14.0
4.97,14.0
4.98,14.0
4.99,14.0
5.0,15.0
5.01,15.0
5.0200000000000005,15.0
5.03,15.0
5.04,15.0
5.05,15.0
5.0600000000000005,15.0
5.07,16.0
5.08,16.0
5.09,16.0
5.1000000000000005,16.0
5.11,16.0
5.12,16.0
5.13,16.0
5.14,17.0
5.15,17.0
5.16,17.0
5.17,17.0
5.18,17.0
5.19,17.0
5.2,17.0
5.21,18.0
5.22,18.0
5.23,18.0
5.24,18.0
5.25,18.0
5.26,18.0
5.2700000000000005,18.0
5.28,18.0
5.29,19.0
5.3,19.0
5.3100000000000005,19.0
5.32,19.0
5.33,19.0
5.34,19.0
5.3500000000000005,19.0
5.36,20.0
5.37,20.0
5.38,20.0
5.39,20.0
5.4,20.0
5.41,20.0
5.42,20.0
5.43,20.0
5.44,20.0
5.45,21.0
5.46,21.0
5.47,21.0
5.48,21.0
5.49,21.0
5.5,21.0
5.51,21.0
5.5200000000000005,21.0
5.53,21.0
5.54,22.0
5.55,22.0
5.5600000000000005,22.0
5.57,22.0
5.58,22.0
5.59,22.0
5.6000000000000005,22.0
5.61,22.0
5.62,22.0
5.63,22.0
5.64,22.0
5.65,23.0
5.66,23.0
5.67,23.0
5.68,23.0
5.69,23.0
5.7,23.0
5.71,23.0
5.72,23.0
5.73,23.0
5.74,23.0
5.75,23.0
5.76,23.0
5.7700000000000005,23.0
5.78,23.0
5.79,23.0
5.8,23.0
5.8100000000000005,24.0
5.82,24.0
5.83,24.0
5.84,24.0
5.8500000000000005,24.0
5.86,24.0
5.87,24.0
5.88,24.0
5.89,24.0
5.9,24.0
5.91,24.0
5.92,24.0
5.93,24.0
5.94,24.0
5.95,24.0
5.96,24.0
5.97,24.0
5.98,24.0
5.99,24.0
6.0,24.0
6.01,24.0
6.0200000000000005,24.0
6.03,24.0
6.04,24.0
6.05,24.0
6.0600000000000005,24.0
6.07,24.0
6.08,24.0
6.09,24.0
6.1000000000000005,24.0
6.11,24.0
6.12,24.0
6.13,24.0
6.140000000000001,24.0
6.15,24.0
6.16,24.0
6.17,24.0
6.18,24.0
6.19,24.0
6.2,23.0
6.21,23.0
6.22,23.0
6.23,23.0
6.24,23.0
6.25,23.0
6.26,23.0
6.2700000000000005,23.0
6.28,23.0
6.29,23.0
6.3,23.0
6.3100000000000005,23.0
6.32,23.0
6.33,23.0
6.34,23.0
6.3500000000000005,23.0
6.36,22.0
6.37,22.0
6.38,22.0
6.390000000000001,22.0
6.4,22.0
6.41,22.0
6.42,22.0
6.43,22.0
6.44,22.0
6.45,22.0
6.46,22.0
6.47,21.0
6.48,21.0
6.49,21.0
6.5,21.0
6.51,21.0
6.5200000000000005,21.0
6.53,21.0
6.54,21.0
6.55,21.0
6.5600000000000005,20.0
6.57,20.0
6.58,20.0
6.59,20.0
6.6000000000000005,20.0
6.61,20.0
6.62,20.0
6.63,20.0
6.640000000000001,20.0
6.65,19.0
6.66,19.0
6.67,19.0
6.68,19.0
6.69,19.0
6.7,19.0
6.71,19.0
6.72,18.0
6.73,18.0
6.74,18.0
6.75,18.0
6.76,18.0
6.7700000000000005,18.0
6.78,18.0
6.79,18.0
6.8,17.0
6.8100000000000005,17.0
6.82,17.0
6.83,17.0
6.84,17.0
6.8500000000000005,17.0
6.86,17.0
6.87,16.0
6.88,16.0
6.890000000000001,16.0
6.9,16.0
6.91,16.0
6.92,16.0
6.93,16.0
6.94,15.0
6.95,15.0
6.96,15.0
6.97,15.0
6.98,15.0
6.99,15.0
7.0,15.0
7.01,14.0
7.0200000000000005,14.0
7.03,14.0
7.04,14.0
7.05,14.0
7.0600000000000005,14.0
7.07,14.0
7.08,13.0
7.09,13.0
7.1000000000000005,13.0
7.11,13.0
7.12,13.0
7.13,13.0
7.140000000000001,13.0
7.15,13.0
7.16,12.0
7.17,12.0
7.18,12.0
7.19,12.0
7.2,12.0
7.21,12.0
7.22,12.0
7.23,11.0
7.24,11.0
7.25,11.0
7.26,11.0
7.2700000000000005,11.0
7.28,11.0
7.29,11.0
7.3,11.0
7.3100000000000005,10.0
7.32,10.0
7.33,10.0
7.34,10.0
7.3500000000000005,10.0
7.36,10.0
7.37,10.0
7.38,10.0
7.390000000000001,9.0
7.4,9.0
7.41,9.0
7.42,9.0
7.43,9.0
7.44,9.0
7.45,9.0
7.46,9.0
7.47,9.0
7.48,9.0
7.49,8.0
7.5,8.0
7.51,8.0
7.5200000000000005,8.0
7.53,8.0
7.54,8.0
7.55,8.0
7.5600000000000005,8.0
7.57,8.0
7.58,8.0
7.59,8.0
7.6000000000000005,7.0
7.61,7.0
7.62,7.0
7.63,7.0
7.640000000000001,7.0
7.65,7.0
7.66,7.0
7.67,7.0
7.68,7.0
7.69,7.0
7.7,7.0
7.71,7.0
7.72,7.0
7.73,7.0
7.74,6.0
7.75,6.0
7.76,6.0
7.7700000000000005,6.0
7.78,6.0
7.79,6.0
7.8,6.0
7.8100000000000005,6.0
7.82,6.0
7.83,6.0
7.84,6.0
7.8500000000000005,6.0
7.86,6.0
7.87,6.0
7.88,6.0
7.890000000000001,6.0
7.9,6.0
7.91,6.0
7.92,6.0
7.930000000000001,6.0
7.94,6.0
7.95,6.0
7.96,6.0
7.97,6.0
7.98,6.0
7.99,6.0
8.0,6.0
8.01,6.0
8.02,6.0
8.03,6.0
8.040000000000001,6.0
8.05,6.0
8.06,6.0
8.07,6.0
8.08,6.0
8.09,6.0
8.1,6.0
8.11,6.0
8.120000000000001,6.0
8.13,6.0
8.14,6.0
8.15,6.0
8.16,6.0
8.17,6.0
8.18,6.0
8.19,6.0
8.2,6.0
8.21,6.0
8.22,6.0
8.23,6.0
8.24,6.0
8.25,6.0
8.26,6.0
8.27,7.0
8.28,7.0
8.290000000000001,7.0
8.3,7.0
8.31,7.0
8.32,7.0
8.33,7.0
8.34,7.0
8.35,7.0
8.36,7.0
8.370000000000001,7.0
8.38,7.0
8.39,7.0
8.4,7.0
8.41,8.0
8.42,8.0
8.43,8.0
8.44,8.0
8.45,8.0
8.46,8.0
8.47,8.0
8.48,8.0
8.49,8.0
8.5,8.0
8.51,8.0
8.52,9.0
8.53,9.0
8.540000000000001,9.0
8.55,9.0
8.56,9.0
8.57,9.0
8.58,9.0
8.59,9.0
8.6,9.0
8.61,9.0
8.620000000000001,10.0
8.63,10.0
8.64,10.0
8.65,10.0
8.66,10.0
8.67,10.0
8.68,10.0
8.69,10.0
8.700000000000001,10.0
8.71,11.0
8.72,11.0
8.73,11.0
8.74,11.0
8.75,11.0
8.76,11.0
8.77,11.0
8.78,11.0
8.790000000000001,11.0
8.8,12.0
8.81,12.0
8.82,12.0
8.83,12.0
8.84,12.0
8.85,12.0
8.86,12.0
8.870000000000001,12.0
8.88,12.0
8.89,13.0
8.9,13.0
8.91,13.0
8.92,13.0
8.93,13.0
8.94,13.0
8.950000000000001,13.0
8.96,13.0
8.97,13.0
8.98,14.0
8.99,14.0
9.0,14.0
9.01,14.0
9.02,14.0
9.03,14.0
9.040000000000001,14.0
9.05,14.0
9.06,14.0
9.07,14.0
9.08,14.0
9.09,15.0
9.1,15.0
9.11,15.0
9.120000000000001,15.0
9.13,15.0
9.14,15.0
9.15,15.0
9.16,15.0
9.17,15.0
9.18,15.0
9.19,15.0
9.200000000000001,15.0
9.21,15.0
9.22,15.0
9.23,16.0
9.24,16.0
9.25,16.0
9.26,16.0
9.27,16.0
9.28,16.0
9.290000000000001,16.0
9.3,16.0
9.31,16.0
9.32,16.0
9.33,16.0
9.34,16.0
9.35,16.0
9.36,16.0
9.370000000000001,16.0
9.38,16.0
9.39,16.0
9.4,16.0
9.41,16.0
9.42,16.0
9.43,16.0
9.44,16.0
9.450000000000001,16.0
9.46,16.0
9.47,16.0
9.48,16.0
9.49,16.0
9.5,16.0
9.51,16.0
9.52,16.0
9.53,16.0
9.540000000000001,16.0
9.55,16.0
9.56,16.0
9.57,16.0
9.58,16.0
9.59,16.0
9.6,16.0
9.61,16.0
9.620000000000001,16.0
9.63,16.0
9.64,15.0
9.65,15.0
9.66,15.0
9.67,15.0
9.68,15.0
9.69,15.0
9.700000000000001,15.0
9.71,15.0
9.72,15.0
9.73,15.0
9.74,15.0
9.75,15.0
9.76,15.0
9.77,15.0
9.78,14.0
9.790000000000001,14.0
9.8,14.0
9.81,14.0
9.82,14.0
9.83,14.0
9.84,14.0
9.85,14.0
9.86,14.0
9.870000000000001,14.0
9.88,13.0
9.89,13.0
9.9,13.0
9.91,13.0
9.92,13.0
9.93,13.0
9.94,13.0
9.950000000000001,13.0
9.96,13.0
9.97,12.0
9.98,12.0
9.99,12.0
10.0,12.0
10.01,12.0
10.02,12.0
10.03,12.0
10.040000000000001,12.0
10.05,11.0
10.06,11.0
10.07,11.0
10.08,11.0
10.09,11.0
10.1,11.0
10.11,11.0
10.120000000000001,11.0
10.13,10.0
10.14,10.0
10.15,10.0
10.16,10.0
10.17,10.0
10.18,10.0
10.19,10.0
10.200000000000001,10.0
10.21,9.0
10.22,9.0
10.23,9.0
10.24,9.0
10.25,9.0
10.26,9.0
10.27,9.0
10.28,9.0
10.290000000000001,8.0
10.3,8.0
10.31,8.0
10.32,8.0
10.33,8.0
10.34,8.0
10.35,8.0
10.36,8.0
10.370000000000001,7.0
10.38,7.0
10.39,7.0
10.4,7.0
10.41,7.0
10.42,7.0
10.43,7.0
10.44,7.0
10.450000000000001,6.0
10.46,6.0
10.47,6.0
10.48,6.0
10.49,6.0
10.5,6.0
10.51,6.0
10.52,6.0
10.53,6.0
10.540000000000001,5.0
10.55,5.0
10.56,5.0
10.57,5.0
10.58,5.0
10.59,5.0
10.6,5.0
10.61,5.0
10.620000000000001,5.0
10.63,5.0
10.64,4.0
10.65,4.0
10.66,4.0
10.67,4.0
10.68,4.0
10.69,4.0
10.700000000000001,4.0
10.71,4.0
10.72,4.0
10.73,4.0
10.74,4.0
10.75,3.0
10.76,3.0
10.77,3.0
10.78,3.0
10.790000000000001,3.0
10.8,3.0
10.81,3.0
10.82,3.0
10.83,3.0
10.84,3.0
10.85,3.0
10.86,3.0
10.870000000000001,3.0
10.88,3.0
10.89,2.0
10.9,2.0
10.91,2.0
10.92,2.0
10.93,2.0
10.94,2.0
10.950000000000001,2.0
10.96,2.0
10.97,2.0
10.98,2.0
10.99,2.0
11.0,2.0
11.01,2.0
11.02,2.0
11.03,2.0
11.040000000000001,2.0
11.05,2.0
11.06,2.0
11.07,1.0
11.08,1.0
11.09,1.0
11.1,1.0
11.11,1.0
11.120000000000001,1.0
11.13,1.0
11.14,1.0
11.15,1.0
11.16,1.0
11.17,1.0
11.18,1.0
11.19,1.0
11.200000000000001,1.0
11.21,1.0
11.22,1.0
11.23,1.0
11.24,1.0
11.25,1.0
11.26,1.0
11.27,1.0
11.28,1.0
11.290000000000001,1.0
11.3,1.0
11.31,1.0
11.32,1.0
11.33,1.0
11.34,1.0
11.35,1.0
11.36,1.0
11.370000000000001,1.0
11.38,1.0
11.39,1.0
11.4,1.0
11.41,0.0
11.42,0.0
11.43,0.0
11.44,0.0
11.450000000000001,0.0
11.46,0.0
11.47,0.0
11.48,0.0
11.49,0.0
11.5,0.0
11.51,0.0
11.52,0.0
11.53,0.0
11.540000000000001,0.0
11.55,0.0
11.56,0.0
11.57,0.0
11.58,0.0
11.59,0.0
11.6,0.0
11.61,0.0
11.620000000000001,0.0
11.63,0.0
11.64,0.0
11.65,0.0
11.66,0.0
11.67,0.0
11.68,0.0
11.69,0.0
11.700000000000001,0.0
11.71,0.0
11.72,0.0
11.73,0.0
11.74,0.0
11.75,0.0
11.76,0.0
11.77,0.0
11.78,0.0
11.790000000000001,0.0
11.8,0.0
11.81,0.0
11.82,0.0
11.83,0.0
11.84,0.0
11.85,0.0
11.86,0.0
11.870000000000001,0.0
11.88,0.0
11.89,0.0
11.9,0.0
11.91,0.0
11.92,0.0
11.93,0.0
11.94,0.0
11.950000000000001,0.0
11.96,0.0
11.97,0.0
11.98,0.0
11.99,0.0
12.0,0.0
12.01,0.0
12.02,0.0
12.030000000000001,0.0
12.040000000000001,0.0
12.05,0.0
12.06,0.0
12.07,0.0
12.08,0.0
12.09,0.0
12.1,0.0
12.11,0.0
12.120000000000001,0.0
12.13,0.0
12.14,0.0
12.15,0.0
12.16,0.0
12.17,0.0
12.18,0.0
12.19,0.0
12.200000000000001,0.0
12.21,0.0
12.22,0.0
12.23,0.0
12.24,0.0
12.25,0.0
12.26,0.0
12.27,0.0
12.280000000000001,0.0
12.290000000000001,0.0
12.3,0.0
12.31,0.0
12.32,0.0
12.33,0.0
12.34,0.0
12.35,0.0
12.36,0.0
12.370000000000001,0.0
12.38,0.0
12.39,0.0
12.4,0.0
12.41,0.0
12.42,0.0
12.43,0.0
12.44,0.0
12.450000000000001,0.0
12.46,0.0
12.47,0.0
12.48,0.0
12.49,0.0
12.5,0.0
12.51,0.0
12.52,0.0
12.530000000000001,0.0
12.540000000000001,0.0
12.55,0.0
12.56,0.0
12.57,0.0
12.58,0.0
12.59,0.0
12.6,0.0
12.61,0.0
12.620000000000001,0.0
12.63,0.0
12.64,0.0
12.65,0.0
12.66,0.0
12.67,0.0
12.68,0.0
12.69,0.0
12.700000000000001,0.0
12.71,0.0
12.72,0.0
12.73,0.0
12.74,0.0
12.75,0.0
12.76,0.0
12.77,0.0
12.780000000000001,0.0
12.790000000000001,0.0
12.8,0.0
12.81,0.0
12.82,0.0
12.83,0.0
12.84,0.0
12.85,0.0
12.86,0.0
12.870000000000001,0.0
12.88,0.0
12.89,0.0
12.9,0.0
12.91,0.0
12.92,0.0
12.93,0.0
12.94,0.0
12.950000000000001,0.0
12.96,0.0
12.97,0.0
12.98,0.0
12.99,0.0
13.0,0.0
13.01,0.0
13.02,0.0
13.030000000000001,0.0
13.040000000000001,0.0
13.05,0.0
13.06,0.0
13.07,0.0
13.08,0.0
13.09,0.0
13.1,0.0
13.11,0.0
13.120000000000001,0.0
13.13,0.0
13.14,0.0
13.15,0.0
13.16,0.0
13.17,0.0
13.18,0.0
13.19,0.0
13.200000000000001,0.0
13.21,0.0
13.22,0.0
13.23,0.0
13.24,0.0
13.25,0.0
13.26,0.0
13.27,0.0
13.280000000000001,0.0
13.290000000000001,0.0
13.3,0.0
13.31,0.0
13.32,0.0
13.33,0.0
13.34,0.0
13.35,0.0
13.36,0.0
13.370000000000001,0.0
13.38,0.0
13.39,0.0
13.4,0.0
13.41,0.0
13.42,0.0
13.43,0.0
13.44,0.0
13.450000000000001,0.0
13.46,0.0
13.47,0.0
13.48,0.0
13.49,0.0
13.5,0.0
13.51,0.0
13.52,0.0
13.530000000000001,0.0
13.540000000000001,0.0
13.55,0.0
13.56,0.0
13.57,0.0
13.58,0.0
13.59,0.0
13.6,0.0
13.61,0.0
13.620000000000001,0.0
13.63,0.0
13.64,0.0
13.65,0.0
13.66,0.0
13.67,0.0
13.68,0.0
13.69,0.0
13.700000000000001,0.0
13.71,0.0
13.72,0.0
13.73,0.0
13.74,0.0
13.75,0.0
13.76,0.0
13.77,0.0
13.780000000000001,0.0
13.790000000000001,0.0
13.8,0.0
13.81,0.0
13.82,0.0
13.83,0.0
13.84,0.0
13.85,0.0
13.86,0.0
13.870000000000001,0.0
13.88,0.0
13.89,0.0
13.9,0.0
13.91,0.0
13.92,0.0
13.93,0.0
13.94,0.0
13.950000000000001,0.0
13.96,0.0
13.97,0.0
13.98,0.0
13.99,0.0
14.0,0.0
14.01,0.0
14.02,0.0
14.030000000000001,0.0
14.040000000000001,0.0
14.05,0.0
14.06,0.0
14.07,0.0
14.08,0.0
14.09,0.0
14.1,0.0
14.11,0.0
14.120000000000001,0.0
14.13,0.0
14.14,0.0
14.15,0.0
14.16,0.0
14.17,0.0
14.18,0.0
14.19,0.0
14.200000000000001,0.0
14.21,0.0
14.22,0.0
14.23,0.0
14.24,0.0
14.25,0.0
14.26,0.0
14.27,0.0
14.280000000000001,0.0
14.290000000000001,0.0
14.3,0.0
14.31,0.0
14.32,0.0
14.33,0.0
14.34,0.0
14.35,0.0
14.36,0.0
14.370000000000001,0.0
14.38,0.0
14.39,0.0
14.4,0.0
14.41,0.0
14.42,0.0
14.43,0.0
14.44,0.0
14.450000000000001,0.0
14.46,0.0
14.47,0.0
14.48,0.0
14.49,0.0
14.5,0.0
14.51,0.0
14.52,0.0
14.530000000000001,0.0
14.540000000000001,0.0
14.55,0.0
14.56,0.0
14.57,0.0
14.58,0.0
14.59,0.0
14.6,0.0
14.61,0.0
14.620000000000001,0.0
14.63,0.0
14.64,0.0
14.65,0.0
14.66,0.0
14.67,0.0
14.68,0.0
14.69,0.0
14.700000000000001,0.0
14.71,0.0
14.72,0.0
14.73,0.0
14.74,0.0
14.75,0.0
14.76,0.0
14.77,0.0
14.780000000000001,0.0
14.790000000000001,0.0
14.8,0.0
14.81,0.0
14.82,0.0
14.83,0.0
14.84,0.0
14.85,0.0
14.86,0.0
14.870000000000001,0.0
14.88,0.0
14.89,0.0
14.9,0.0
14.91,0.0
14.92,0.0
14.93,0.0
14.94,0.0
14.950000000000001,0.0
14.96,0.0
14.97,0.0
14.98,0.0
14.99,0.0
15.0,0.0
15.01,0.0
15.02,0.0
15.030000000000001,0.0
15.040000000000001,0.0
15.05,0.0
15.06,0.0
15.07,0.0
15.08,0.0
15.09,0.0
15.1,0.0
15.11,0.0
15.120000000000001,0.0
15.13,0.0
15.14,0.0
15.15,0.0
15.16,0.0
15.17,0.0
15.18,0.0
15.19,0.0
15.200000000000001,0.0
15.21,0.0
15.22,0.0
15.23,0.0
15.24,0.0
15.25,0.0
15.26,0.0
15.27,0.0
15.280000000000001,0.0
15.290000000000001,0.0
15.3,0.0
15.31,0.0
15.32,0.0
15.33,0.0
15.34,0.0
15.35,0.0
15.36,0.0
15.370000000000001,0.0
15.38,0.0
15.39,0.0
15.4,0.0
15.41,0.0
15.42,0.0
15.43,0.0
15.44,0.0
15.450000000000001,0.0
15.46,0.0
15.47,0.0
15.48,0.0
15.49,0.0
15.5,0.0
15.51,0.0
15.52,0.0
15.530000000000001,0.0
15.540000000000001,0.0
15.55,0.0
15.56,0.0
15.57,0.0
15.58,0.0
15.59,0.0
15.6,0.0
15.610000000000001,0.0
15.620000000000001,0.0
15.63,0.0
15.64,0.0
15.65,0.0
15.66,0.0
15.67,0.0
15.68,0.0
15.69,0.0
15.700000000000001,0.0
15.71,0.0
15.72,0.0
15.73,0.0
15.74,0.0
15.75,0.0
15.76,0.0
15.77,0.0
15.780000000000001,0.0
15.790000000000001,0.0
15.8,0.0
15.81,0.0
15.82,0.0
15.83,0.0
15.84,0.0
15.85,0.0
15.860000000000001,0.0
15.870000000000001,0.0
15.88,0.0
15.89,0.0
15.9,0.0
15.91,0.0
15.92,0.0
15.93,0.0
15.94,0.0
15.950000000000001,0.0
15.96,0.0
15.97,0.0
15.98,0.0
15.99,0.0
16.0,0.0
16.01,0.0
16.02,0.0
16.03,0.0
16.04,0.0
16.05,0.0
16.06,0.0
16.07,0.0
16.080000000000002,0.0
16.09,0.0
16.1,0.0
16.11,0.0
16.12,0.0
16.13,0.0
16.14,0.0
16.15,0.0
16.16,0.0
16.17,0.0
16.18,0.0
16.19,0.0
16.2,0.0
16.21,0.0
16.22,0.0
16.23,0.0
16.240000000000002,0.0
16.25,0.0
16.26,0.0
16.27,0.0
16.28,0.0
16.29,0.0
16.3,0.0
16.31,0.0
16.32,0.0
16.330000000000002,0.0
16.34,0.0
16.35,0.0
16.36,0.0
16.37,0.0
16.38,0.0
16.39,0.0
16.4,0.0
16.41,0.0
16.42,0.0
16.43,0.0
16.44,0.0
16.45,0.0
16.46,0.0
16.47,0.0
16.48,0.0
16.490000000000002,0.0
16.5,0.0
16.51,0.0
16.52,0.0
16.53,0.0
16.54,0.0
16.55,0.0
16.56,0.0
16.57,0.0
16.580000000000002,0.0
16.59,0.0
16.6,0.0
16.61,0.0
16.62,0.0
16.63,0.0
16.64,0.0
16.65,0.0
16.66,0.0
16.67,0.0
16.68,0.0
16.69,0.0
16.7,0.0
16.71,0.0
16.72,0.0
16.73,0.0
16.740000000000002,0.0
16.75,0.0
16.76,0.0
16.77,0.0
16.78,0.0
16.79,0.0
16.8,0.0
16.81,0.0
16.82,0.0
16.830000000000002,0.0
16.84,0.0
16.85,0.0
16.86,0.0
16.87,0.0
16.88,0.0
16.89,0.0
16.9,0.0
16.91,0.0
16.92,0.0
16.93,0.0
16.94,0.0
16.95,0.0
16.96,0.0
16.97,0.0
16.98,0.0
16.990000000000002,0.0
17.0,0.0
17.01,0.0
17.02,0.0
17.03,0.0
17.04,0.0
17.05,0.0
17.06,0.0
17.07,0.0
17.080000000000002,0.0
17.09,0.0
17.1,0.0
17.11,0.0
17.12,0.0
17.13,0.0
17.14,0.0
17.150000000000002,0.0
17.16,0.0
17.17,0.0
17.18,0.0
17.19,0.0
17.2,0.0
17.21,0.0
17.22,0.0
17.23,0.0
17.240000000000002,0.0
17.25,0.0
17.26,0.0
17.27,0.0
17.28,0.0
17.29,0.0
17.3,0.0
17.31,0.0
17.32,0.0
17.330000000000002,0.0
17.34,0.0
17.35,0.0
17.36,0.0
17.37,0.0
17.38,0.0
17.39,0.0
17.400000000000002,0.0
17.41,0.0
17.42,0.0
17.43,0.0
17.44,0.0
17.45,0.0
17.46,0.0
17.47,0.0
17.48,0.0
17.490000000000002,0.0
17.5,0.0
17.51,0.0
17.52,0.0
17.53,0.0
17.54,0.0
17.55,0.0
17.56,0.0
17.57,0.0
17.580000000000002,0.0
17.59,0.0
17.6,0.0
17.61,0.0
17.62,0.0
17.63,0.0
17.64,0.0
17.650000000000002,0.0
17.66,0.0
17.67,0.0
17.68,0.0
17.69,0.0
17.7,0.0
17.71,0.0
17.72,0.0
17.73,0.0
17.740000000000002,0.0
17.75,0.0
17.76,0.0
17.77,0.0
17.78,0.0
17.79,0.0
17.8,0.0
17.81,0.0
17.82,0.0
17.830000000000002,0.0
17.84,0.0
17.85,0.0
17.86,0.0
17.87,0.0
17.88,0.0
17.89,0.0
17.900000000000002,0.0
17.91,0.0
17.92,0.0
17.93,0.0
17.94,0.0
17.95,0.0
17.96,0.0
17.97,0.0
17.98,0.0
17.990000000000002,0.0
18.0,0.0
18.01,0.0
18.02,0.0
18.03,0.0
18.04,0.0
18.05,0.0
18.06,0.0
18.07,0.0
18.080000000000002,0.0
18.09,0.0
18.1,0.0
18.11,0.0
18.12,0.0
18.13,0.0
18.14,0.0
18.150000000000002,0.0
18.16,0.0
18.17,0.0
18.18,0.0
18.19,0.0
18.2,0.0
18.21,0.0
18.22,0.0
18.23,0.0
18.240000000000002,0.0
18.25,0.0
18.26,0.0
18.27,0.0
18.28,0.0
18.29,0.0
18.3,0.0
18.31,0.0
18.32,0.0
18.330000000000002,0.0
18.34,0.0
18.35,0.0
18.36,0.0
18.37,0.0
18.38,0.0
18.39,0.0
18.400000000000002,0.0
18.41,0.0
18.42,0.0
18.43,0.0
18.44,0.0
18.45,0.0
18.46,0.0
18.47,0.0
18.48,0.0
18.490000000000002,0.0
18.5,0.0
18.51,0.0
18.52,0.0
18.53,0.0
18.54,0.0
18.55,0.0
18.56,0.0
18.57,0.0
18.580000000000002,0.0
18.59,0.0
18.6,0.0
18.61,0.0
18.62,0.0
18.63,0.0
18.64,0.0
18.650000000000002,0.0
18.66,0.0
18.67,0.0
18.68,0.0
18.69,0.0
18.7,0.0
18.71,0.0
18.72,0.0
18.73,0.0
18.740000000000002,0.0
18.75,0.0
18.76,0.0
18.77,0.0
18.78,0.0
18.79,0.0
18.8,0.0
18.81,0.0
18.82,0.0
18.830000000000002,0.0
18.84,0.0
18.85,0.0
18.86,0.0
18.87,0.0
18.88,0.0
18.89,0.0
18.900000000000002,0.0
18.91,0.0
18.92,0.0
18.93,0.0
18.94,0.0
18.95,0.0
18.96,0.0
18.97,0.0
18.98,0.0
18.990000000000002,0.0
19.0,0.0
19.01,0.0
19.02,0.0
19.03,0.0
19.04,0.0
19.05,0.0
19.06,0.0
19.07,0.0
19.080000000000002,0.0
19.09,0.0
19.1,0.0
19.11,0.0
19.12,0.0
19.13,0.0
19.14,0.0
19.150000000000002,0.0
19.16,0.0
19.17,0.0
19.18,0.0
19.19,0.0
19.2,0.0
19.21,0.0
19.22,0.0
19.23,0.0
19.240000000000002,0.0
19.25,0.0
19.26,0.0
19.27,0.0
19.28,0.0
19.29,0.0
19.3,0.0
19.31,0.0
19.32,0.0
19.330000000000002,0.0
19.34,0.0
19.35,0.0
19.36,0.0
19.37,0.0
19.38,0.0
19.39,0.0
19.400000000000002,0.0
19.41,0.0
19.42,0.0
19.43,0.0
19.44,0.0
19.45,0.0
19.46,0.0
19.47,0.0
19.48,0.0
19.490000000000002,0.0
19.5,0.0
19.51,0.0
19.52,0.0
19.53,0.0
19.54,0.0
19.55,0.0
19.56,0.0
19.57,0.0
19.580000000000002,0.0
19.59,0.0
19.6,0.0
19.61,0.0
19.62,0.0
19.63,0.0
19.64,0.0
19.650000000000002,0.0
19.66,0.0
19.67,0.0
19.68,0.0
19.69,0.0
19.7,0.0
19.71,0.0
19.72,0.0
19.73,0.0
19.740000000000002,0.0
19.75,0.0
19.76,0.0
19.77,0.0
19.78,0.0
19.79,0.0
19.8,0.0
19.81,0.0
19.82,0.0
19.830000000000002,0.0
19.84,0.0
19.85,0.0
19.86,0.0
19.87,0.0
19.88,0.0
19.89,0.0
19.900000000000002,0.0
19.91,0.0
19.92,0.0
19.93,0.0
19.94,0.0
19.95,0.0
19.96,0.0
19.97,0.0
19.98,0.0
19.990000000000002,0.0
20.0,0.0
20.01,0.0
20.02,0.0
20.03,0.0
20.04,0.0
20.05,0.0
20.06,0.0
20.07,0.0
20.080000000000002,0.0
20.09,0.0
20.1,0.0
20.11,0.0
20.12,0.0
20.13,0.0
20.14,0.0
20.150000000000002,0.0
20.16,0.0
20.17,0.0
20.18,0.0
20.19,0.0
20.2,0.0
20.21,0.0
20.22,0.0
20.23,0.0
20.240000000000002,0.0
20.25,0.0
20.26,0.0
20.27,0.0
20.28,0.0
20.29,0.0
20.3,0.0
20.31,0.0
20.32,0.0
20.330000000000002,0.0
20.34,0.0
20.35,0.0
20.36,0.0
20.37,0.0
20.38,0.0
20.39,0.0
20.400000000000002,0.0
20.41,0.0
20.42,0.0
20.43,0.0
20.44,0.0
20.45,0.0
20.46,0.0
20.47,0.0
20.48,0.0
20.490000000000002,0.0
20.5,0.0
20.51,0.0
20.52,0.0
20.53,0.0
20.54,0.0
20.55,0.0
20.56,0.0
20.57,0.0
20.580000000000002,0.0
20.59,0.0
20.6,0.0
20.61,0.0
20.62,0.0
20.63,0.0
20.64,0.0
20.650000000000002,0.0
20.66,0.0
20.67,0.0
20.68,0.0
20.69,0.0
20.7,0.0
20.71,0.0
20.72,0.0
20.73,0.0
20.740000000000002,0.0
20.75,0.0
20.76,0.0
20.77,0.0
20.78,0.0
20.79,0.0
20.8,0.0
20.81,0.0
20.82,0.0
20.830000000000002,0.0
20.84,0.0
20.85,0.0
20.86,0.0
20.87,0.0
20.88,0.0
20.89,1.0
20.900000000000002,1.0
20.91,1.0
20.92,1.0
20.93,1.0
20.94,1.0
20.95,1.0
20.96,1.0
20.97,1.0
20.98,1.0
20.990000000000002,1.0
21.0,1.0
21.01,1.0
21.02,1.0
21.03,1.0
21.04,1.0
21.05,1.0
21.06,1.0
21.07,1.0
21.080000000000002,1.0
21.09,1.0
21.1,1.0
21.11,1.0
21.12,1.0
21.13,1.0
21.14,1.0
21.150000000000002,1.0
21.16,1.0
21.17,1.0
21.18,1.0
21.19,1.0
21.2,1.0
21.21,1.0
21.22,1.0
21.23,1.0
21.240000000000002,1.0
21.25,1.0
21.26,1.0
21.27,1.0
21.28,1.0
21.29,1.0
21.3,1.0
21.31,1.0
21.32,1.0
21.330000000000002,1.0
21.34,1.0
21.35,1.0
21.36,1.0
21.37,1.0
21.38,1.0
21.39,1.0
21.400000000000002,1.0
21.41,1.0
21.42,1.0
21.43,1.0
21.44,1.0
21.45,1.0
21.46,1.0
21.47,1.0
21.48,1.0
21.490000000000002,1.0
21.5,1.0
21.51,1.0
21.52,1.0
21.53,1.0
21.54,1.0
21.55,1.0
21.56,1.0
21.57,1.0
21.580000000000002,1.0
21.59,1.0
21.6,1.0
21.61,1.0
21.62,1.0
21.63,1.0
21.64,1.0
21.650000000000002,1.0
21.66,1.0
21.67,1.0
21.68,1.0
21.69,1.0
21.7,1.0
21.71,1.0
21.72,1.0
21.73,1.0
21.740000000000002,1.0
21.75,1.0
21.76,1.0
21.77,1.0
21.78,1.0
21.79,1.0
21.8,1.0
21.81,1.0
21.82,1.0
21.830000000000002,1.0
21.84,1.0
21.85,1.0
21.86,1.0
21.87,1.0
21.88,1.0
21.89,1.0
21.900000000000002,1.0
21.91,1.0
21.92,1.0
21.93,2.0
21.94,2.0
21.95,2.0
21.96,2.0
21.97,2.0
21.98,2.0
21.990000000000002,2.0
22.0,2.0
22.01,2.0
22.02,2.0
22.03,2.0
22.04,2.0
22.05,2.0
22.06,2.0
22.07,2.0
22.080000000000002,2.0
22.09,2.0
22.1,2.0
22.11,2.0
22.12,2.0
22.13,2.0
22.14,2.0
22.150000000000002,2.0
22.16,2.0
22.17,2.0
22.18,2.0
22.19,2.0
22.2,2.0
22.21,2.0
22.22,2.0
22.23,2.0
22.240000000000002,2.0
22.25,2.0
22.26,2.0
22.27,2.0
22.28,2.0
22.29,2.0
22.3,2.0
22.31,2.0
22.32,2.0
22.330000000000002,2.0
22.34,2.0
22.35,2.0
22.36,2.0
22.37,2.0
22.38,2.0
22.39,2.0
22.400000000000002,2.0
22.41,2.0
22.42,2.0
22.43,2.0
22.44,2.0
22.45,2.0
22.46,2.0
22.47,2.0
22.48,3.0
22.490000000000002,3.0
22.5,3.0
22.51,3.0
22.52,3.0
22.53,3.0
22.54,3.0
22.55,3.0
22.56,3.0
22.57,3.0
22.580000000000002,3.0
22.59,3.0
22.6,3.0
22.61,3.0
22.62,3.0
22.63,3.0
22.64,3.0
22.650000000000002,3.0
22.66,3.0
22.67,3.0
22.68,3.0
22.69,3.0
22.7,3.0
22.71,3.0
22.72,3.0
22.73,3.0
22.740000000000002,3.0
22.75,3.0
22.76,3.0
22.77,3.0
22.78,3.0
22.79,3.0
22.8,3.0
22.81,3.0
22.82,3.0
22.830000000000002,3.0
22.84,3.0
22.85,3.0
22.86,3.0
22.87,3.0
22.88,4.0
22.89,4.0
22.900000000000002,4.0
22.91,4.0
22.92,4.0
22.93,4.0
22.94,4.0
22.95,4.0
22.96,4.0
22.97,4.0
22.98,4.0
22.990000000000002,4.0
23.0,4.0
23.01,4.0
23.02,4.0
23.03,4.0
23.04,4.0
23.05,4.0
23.06,4.0
23.07,4.0
23.080000000000002,4.0
23.09,4.0
23.1,4.0
23.11,4.0
23.12,4.0
23.13,4.0
23.14,4.0
23.150000000000002,4.0
23.16,4.0
23.17,4.0
23.18,4.0
23.19,5.0
23.2,5.0
23.21,5.0
23.22,5.0
23.23,5.0
23.240000000000002,5.0
23.25,5.0
23.26,5.0
23.27,5.0
23.28,5.0
23.29,5.0
23.3,5.0
23.31,5.0
23.32,5.0
23.330000000000002,5.0
23.34,5.0
23.35,5.0
23.36,5.0
23.37,5.0
23.38,5.0
23.39,5.0
23.400000000000002,5.0
23.41,5.0
23.42,5.0
23.43,5.0
23.44,5.0
23.45,5.0
23.46,6.0
23.47,6.0
23.48,6.0
23.490000000000002,6.0
23.5,6.0
23.51,6.0
23.52,6.0
23.53,6.0
23.54,6.0
23.55,6.0
23.56,6.0
23.57,6.0
23.580000000000002,6.0
23.59,6.0
23.6,6.0
23.61,6.0
23.62,6.0
23.63,6.0
23.64,6.0
23.650000000000002,6.0
23.66,6.0
23.67,6.0
23.68,6.0
23.69,6.0
23.7,7.0
23.71,7.0
23.72,7.0
23.73,7.0
23.740000000000002,7.0
23.75,7.0
23.76,7.0
23.77,7.0
23.78,7.0
23.79,7.0
23.8,7.0
23.81,7.0
23.82,7.0
23.830000000000002,7.0
23.84,7.0
23.85,7.0
23.86,7.0
23.87,7.0
23.88,7.0
23.89,7.0
23.900000000000002,7.0
23.91,8.0
23.92,8.0
23.93,8.0
23.94,8.0
23.95,8.0
23.96,8.0
23.97,8.0
23.98,8.0
23.990000000000002,8.0
24.0,8.0
24.01,8.0
24.02,8.0
24.03,8.0
24.04,8.0
24.05,8.0
24.060000000000002,8.0
24.07,8.0
24.080000000000002,8.0
24.09,8.0
24.1,9.0
24.11,9.0
24.12,9.0
24.13,9.0
24.14,9.0
24.150000000000002,9.0
24.16,9.0
24.17,9.0
24.18,9.0
24.19,9.0
24.2,9.0
24.21,9.0
24.22,9.0
24.23,9.0
24.240000000000002,9.0
24.25,9.0
24.26,9.0
24.27,9.0
24.28,9.0
24.29,10.0
24.3,10.0
24.310000000000002,10.0
24.32,10.0
24.330000000000002,10.0
24.34,10.0
24.35,10.0
24.36,10.0
24.37,10.0
24.38,10.0
24.39,10.0
24.400000000000002,10.0
24.41,10.0
24.42,10.0
24.43,10.0
24.44,10.0
24.45,10.0
24.46,11.0
24.47,11.0
24.48,11.0
24.490000000000002,11.0
24.5,11.0
24.51,11.0
24.52,11.0
24.53,11.0
24.54,11.0
24.55,11.0
24.560000000000002,11.0
24.57,11.0
24.580000000000002,11.0
24.59,11.0
24.6,11.0
24.61,11.0
24.62,12.0
24.63,12.0
24.64,12.0
24.650000000000002,12.0
24.66,12.0
24.67,12.0
24.68,12.0
24.69,12.0
24.7,12.0
24.71,12.0
24.72,12.0
24.73,12.0
24.740000000000002,12.0
24.75,12.0
24.76,12.0
24.77,12.0
24.78,13.0
24.79,13.0
24.8,13.0
24.810000000000002,13.0
24.82,13.0
24.830000000000002,13.0
24.84,13.0
24.85,13.0
24.86,13.0
24.87,13.0
24.88,13.0
24.89,13.0
24.900000000000002,13.0
24.91,13.0
24.92,13.0
24.93,14.0
24.94,14.0
24.95,14.0
24.96,14.0
24.97,14.0
24.98,14.0
24.990000000000002,14.0
25.0,14.0
25.01,14.0
25.02,14.0
25.03,14.0
25.04,14.0
25.05,14.0
25.060000000000002,14.0
25.07,14.0
25.080000000000002,15.0
25.09,15.0
25.1,15.0
25.11,15.0
25.12,15.0
25.13,15.0
25.14,15.0
25.150000000000002,15.0
25.16,15.0
25.17,15.0
25.18,15.0
25.19,15.0
25.2,15.0
25.21,15.0
25.22,15.0
25.23,16.0
25.240000000000002,16.0
25.25,16.0
25.26,16.0
25.27,16.0
25.28,16.0
25.29,16.0
25.3,16.0
25.310000000000002,16.0
25.32,16.0
25.330000000000002,16.0
25.34,16.0
25.35,16.0
25.36,16.0
25.37,17.0
25.38,17.0
25.39,17.0
25.400000000000002,17.0
25.41,17.0
25.42,17.0
25.43,17.0
25.44,17.0
25.45,17.0
25.46,17.0
25.47,17.0
25.48,17.0
25.490000000000002,17.0
25.5,17.0
25.51,17.0
25.52,18.0
25.53,18.0
25.54,18.0
25.55,18.0
25.560000000000002,18.0
25.57,18.0
25.580000000000002,18.0
25.59,18.0
25.6,18.0
25.61,18.0
25.62,18.0
25.63,18.0
25.64,18.0
25.650000000000002,18.0
25.66,19.0
25.67,19.0
25.68,19.0
25.69,19.0
25.7,19.0
25.71,19.0
25.72,19.0
25.73,19.0
25.740000000000002,19.0
25.75,19.0
25.76,19.0
25.77,19.0
25.78,19.0
25.79,19.0
25.8,20.0
25.810000000000002,20.0
25.82,20.0
25.830000000000002,20.0
25.84,20.0
25.85,20.0
25.86,20.0
25.87,20.0
25.88,20.0
25.89,20.0
25.900000000000002,20.0
25.91,20.0
25.92,20.0
25.93,20.0
25.94,20.0
25.95,21.0
25.96,21.0
25.97,21.0
25.98,21.0
25.990000000000002,21.0
26.0,21.0
26.01,21.0
26.02,21.0
26.03,21.0
26.04,21.0
26.05,21.0
26.060000000000002,21.0
26.07,21.0
26.080000000000002,21.0
26.09,21.0
26.1,22.0
26.11,22.0
26.12,22.0
26.13,22.0
26.14,22.0
26.150000000000002,22.0
26.16,22.0
26.17,22.0
26.18,22.0
26.19,22.0
26.2,22.0
26.21,22.0
26.22,22.0
26.23,22.0
26.240000000000002,22.0
26.25,22.0
26.26,23.0
26.27,23.0
26.28,23.0
26.29,23.0
26.3,23.0
26.310000000000002,23.0
26.32,23.0
26.330000000000002,23.0
26.34,23.0
26.35,23.0
26.36,23.0
26.37,23.0
26.38,23.0
26.39,23.0
26.400000000000002,23.0
26.41,23.0
26.42,24.0
26.43,24.0
26.44,24.0
26.45,24.0
26.46,24.0
26.47,24.0
26.48,24.0
26.490000000000002,24.0
26.5,24.0
26.51,24.0
26.52,24.0
26.53,24.0
26.54,24.0
26.55,24.0
26.560000000000002,24.0
26.57,24.0
26.580000000000002,24.0
26.59,25.0
26.6,25.0
26.61,25.0
26.62,25.0
26.63,25.0
26.64,25.0
26.650000000000002,25.0
26.66,25.0
26.67,25.0
26.68,25.0
26.69,25.0
26.7,25.0
26.71,25.0
26.72,25.0
26.73,25.0
26.740000000000002,25.0
26.75,25.0
26.76,25.0
26.77,25.0
26.78,25.0
26.79,26.0
26.8,26.0
26.810000000000002,26.0
26.82,26.0
26.830000000000002,26.0
26.84,26.0
26.85,26.0
26.86,26.0
26.87,26.0
26.88,26.0
26.89,26.0
26.900000000000002,26.0
26.91,26.0
26.92,26.0
26.93,26.0
26.94,26.0
26.95,26.0
26.96,26.0
26.97,26.0
26.98,26.0
26.990000000000002,26.0
27.0,26.0
27.01,27.0
27.02,27.0
27.03,27.0
27.04,27.0
27.05,27.0
27.060000000000002,27.0
27.07,27.0
27.080000000000002,27.0
27.09,27.0
27.1,27.0
27.11,27.0
27.12,27.0
27.13,27.0
27.14,27.0
27.150000000000002,27.0
27.16,27.0
27.17,27.0
27.18,27.0
27.19,27.0
27.2,27.0
27.21,27.0
27.22,27.0
27.23,27.0
27.240000000000002,27.0
27.25,27.0
27.26,27.0
27.27,27.0
27.28,27.0
27.29,27.0
27.3,27.0
27.310000000000002,27.0
27.32,27.0
27.330000000000002,27.0
27.34,27.0
27.35,27.0
27.36,27.0
27.37,27.0
27.38,27.0
27.39,27.0
27.400000000000002,27.0
27.41,27.0
27.42,27.0
27.43,27.0
27.44,27.0
27.45,27.0
27.46,27.0
27.47,27.0
27.48,27.0
27.490000000000002,27.0
27.5,27.0
27.51,27.0
27.52,26.0
27.53,26.0
27.54,26.0
27.55,26.0
27.560000000000002,26.0
27.57,26.0
27.580000000000002,26.0
27.59,26.0
27.6,26.0
27.61,25.0
27.62,25.0
27.63,25.0
27.64,25.0
27.650000000000002,25.0
27.66,25.0
27.67,24.0
27.68,24.0
27.69,24.0
27.7,24.0
27.71,23.0
27.72,23.0
27.73,23.0
27.740000000000002,23.0
27.75,23.0
27.76,22.0
27.77,22.0
27.78,22.0
27.79,21.0
27.8,21.0
27.810000000000002,21.0
27.82,21.0
27.830000000000002,20.0
27.84,20.0
27.85,20.0
27.86,19.0
27.87,19.0
27.88,19.0
27.89,18.0
27.900000000000002,18.0
27.91,18.0
27.92,17.0
27.93,17.0
27.94,17.0
27.95,16.0
27.96,16.0
27.97,15.0
27.98,15.0
27.990000000000002,15.0
28.0,14.0
28.01,14.0
28.02,14.0
28.03,13.0
28.04,13.0
28.05,13.0
28.060000000000002,12.0
28.07,12.0
28.080000000000002,11.0
28.09,11.0
28.1,11.0
28.11,10.0
28.12,10.0
28.13,10.0
28.14,9.0
28.150000000000002,9.0
28.16,9.0
28.17,8.0
28.18,8.0
28.19,8.0
28.2,7.0
28.21,7.0
28.22,7.0
28.23,7.0
28.240000000000002,6.0
28.25,6.0
28.26,6.0
28.27,6.0
28.28,5.0
28.29,5.0
28.3,5.0
28.310000000000002,5.0
28.32,4.0
28.330000000000002,4.0
28.34,4.0
28.35,4.0
28.36,4.0
28.37,3.0
28.38,3.0
28.39,3.0
28.400000000000002,3.0
28.41,3.0
28.42,3.0
28.43,2.0
28.44,2.0
28.45,2.0
28.46,2.0
28.47,2.0
28.48,2.0
28.490000000000002,2.0
28.5,2.0
28.51,1.0
28.52,1.0
28.53,1.0
28.54,1.0
28.55,1.0
28.560000000000002,1.0
28.57,1.0
28.580000000000002,1.0
28.59,1.0
28.6,1.0
28.61,1.0
28.62,1.0
28.63,1.0
28.64,1.0
28.650000000000002,1.0
28.66,0.0
28.67,0.0
28.68,0.0
28.69,0.0
28.7,0.0
28.71,0.0
28.72,0.0
28.73,0.0
28.740000000000002,0.0
28.75,0.0
28.76,0.0
28.77,0.0
28.78,0.0
28.79,0.0
28.8,0.0
28.810000000000002,0.0
28.82,0.0
28.830000000000002,0.0
28.84,0.0
28.85,0.0
28.86,0.0
28.87,0.0
28.88,0.0
28.89,0.0
28.900000000000002,0.0
28.91,0.0
28.92,0.0
28.93,0.0
28.94,0.0
28.95,0.0
28.96,0.0
28.97,0.0
28.98,0.0
28.990000000000002,0.0
29.0,0.0
29.01,0.0
29.02,0.0
29.03,0.0
29.04,0.0
29.05,0.0
29.060000000000002,0.0
29.07,0.0
29.080000000000002,0.0
29.09,0.0
29.1,0.0
29.11,0.0
29.12,0.0
29.13,0.0
29.14,0.0
29.150000000000002,0.0
29.16,0.0
29.17,0.0
29.18,0.0
29.19,0.0
29.2,0.0
29.21,0.0
29.22,0.0
29.23,0.0
29.240000000000002,0.0
29.25,0.0
29.26,0.0
29.27,0.0
29.28,0.0
29.29,0.0
29.3,0.0
29.310000000000002,0.0
29.32,0.0
29.330000000000002,0.0
29.34,0.0
29.35,0.0
29.36,0.0
29.37,0.0
29.38,0.0
29.39,0.0
29.400000000000002,0.0
29.41,0.0
29.42,0.0
29.43,0.0
29.44,0.0
29.45,0.0
29.46,0.0
29.47,0.0
29.48,0.0
29.490000000000002,0.0
29.5,0.0
29.51,0.0
29.52,0.0
29.53,0.0
29.54,0.0
29.55,0.0
29.560000000000002,0.0
29.57,0.0
29.580000000000002,0.0
29.59,0.0
29.6,0.0
29.61,0.0
29.62,0.0
29.63,0.0
29.64,0.0
29.650000000000002,0.0
29.66,0.0
29.67,0.0
29.68,0.0
29.69,0.0
29.7,0.0
29.71,0.0
29.72,0.0
29.73,0.0
29.740000000000002,0.0
29.75,0.0
29.76,0.0
29.77,0.0
29.78,0.0
29.79,0.0
29.8,0.0
29.810000000000002,0.0
29.82,0.0
29.830000000000002,0.0
29.84,0.0
29.85,0.0
29.86,0.0
29.87,0.0
29.88,0.0
29.89,0.0
29.900000000000002,0.0
29.91,0.0
29.92,0.0
29.93,0.0
29.94,0.0
29.95,0.0
29.96,0.0
29.97,0.0
29.98,0.0
29.990000000000002,0.0
30.0,0.0
30.01,0.0
30.02,0.0
30.03,0.0
30.04,0.0
30.05,0.0
30.060000000000002,0.0
30.07,0.0
30.080000000000002,0.0
30.09,0.0
30.1,0.0
30.11,0.0
30.12,0.0
30.13,0.0
30.14,0.0
30.150000000000002,0.0
30.16,0.0
30.17,0.0
30.18,0.0
30.19,0.0
30.2,0.0
30.21,0.0
30.22,0.0
30.23,0.0
30.240000000000002,0.0
30.25,0.0
30.26,0.0
30.27,0.0
30.28,0.0
30.29,0.0
30.3,0.0
30.310000000000002,0.0
30.32,0.0
30.330000000000002,0.0
30.34,0.0
30.35,0.0
30.36,0.0
30.37,0.0
30.38,0.0
30.39,0.0
30.400000000000002,0.0
30.41,0.0
30.42,0.0
30.43,0.0
30.44,0.0
30.45,0.0
30.46,0.0
30.47,0.0
30.48,0.0
30.490000000000002,0.0
30.5,0.0
30.51,0.0
30.52,0.0
30.53,0.0
30.54,0.0
30.55,0.0
30.560000000000002,0.0
30.57,0.0
30.580000000000002,0.0
30.59,0.0
30.6,0.0
30.61,0.0
30.62,0.0
30.63,0.0
30.64,0.0
30.650000000000002,0.0
30.66,0.0
30.67,0.0
30.68,0.0
30.69,0.0
30.7,0.0
30.71,0.0
30.72,0.0
30.73,0.0
30.740000000000002,0.0
30.75,0.0
30.76,0.0
30.77,0.0
30.78,0.0
30.79,0.0
30.8,0.0
30.810000000000002,0.0
30.82,0.0
30.830000000000002,0.0
30.84,0.0
30.85,0.0
30.86,0.0
30.87,0.0
30.88,0.0
30.89,0.0
30.900000000000002,0.0
30.91,0.0
30.92,0.0
30.93,0.0
30.94,0.0
30.95,0.0
30.96,0.0
30.970000000000002,0.0
30.98,0.0
30.990000000000002,0.0
31.0,0.0
31.01,0.0
31.02,0.0
31.03,0.0
31.04,0.0
31.05,0.0
31.060000000000002,0.0
31.07,0.0
31.080000000000002,0.0
31.09,0.0
31.1,0.0
31.11,0.0
31.12,0.0
31.13,0.0
31.14,0.0
31.150000000000002,0.0
31.16,0.0
31.17,0.0
31.18,0.0
31.19,0.0
31.2,0.0
31.21,0.0
31.220000000000002,0.0
31.23,0.0
31.240000000000002,0.0
31.25,0.0
31.26,0.0
31.27,0.0
31.28,0.0
31.29,0.0
31.3,0.0
31.310000000000002,0.0
31.32,0.0
31.330000000000002,0.0
31.34,0.0
31.35,0.0
31.36,0.0
31.37,0.0
31.38,0.0
31.39,0.0
31.400000000000002,0.0
31.41,0.0
31.42,0.0
31.43,0.0
31.44,0.0
31.45,0.0
31.46,0.0
31.470000000000002,0.0
31.48,0.0
31.490000000000002,0.0
31.5,0.0
31.51,0.0
31.52,0.0
31.53,0.0
31.54,0.0
31.55,0.0
31.560000000000002,0.0
31.57,0.0
31.580000000000002,0.0
31.59,0.0
31.6,0.0
31.61,0.0
31.62,0.0
31.63,0.0
31.64,0.0
31.650000000000002,0.0
31.66,0.0
31.67,0.0
31.68,0.0
31.69,0.0
31.7,0.0
31.71,0.0
31.720000000000002,0.0
31.73,0.0
31.740000000000002,0.0
31.75,0.0
31.76,0.0
31.77,0.0
31.78,0.0
31.79,0.0
31.8,0.0
31.810000000000002,0.0
31.82,0.0
31.830000000000002,0.0
31.84,0.0
31.85,0.0
31.86,0.0
31.87,0.0
31.88,0.0
31.89,0.0
31.900000000000002,0.0
31.91,0.0
31.92,0.0
31.93,0.0
31.94,0.0
31.95,0.0
31.96,0.0
31.970000000000002,0.0
31.98,0.0
31.990000000000002,0.0
32.0,0.0
32.01,0.0
32.02,0.0
32.03,0.0
32.04,0.0
32.05,0.0
32.06,0.0
32.07,0.0
32.08,0.0
32.09,0.0
32.1,0.0
32.11,0.0
32.12,0.0
32.13,0.0
32.14,0.0
32.15,0.0
32.160000000000004,0.0
32.17,0.0
32.18,0.0
32.19,0.0
32.2,0.0
32.21,0.0
32.22,0.0
32.230000000000004,0.0
32.24,0.0
32.25,0.0
32.26,0.0
32.27,0.0
32.28,0.0
32.29,0.0
32.3,0.0
32.31,0.0
32.32,0.0
32.33,0.0
32.34,0.0
32.35,0.0
32.36,0.0
32.37,0.0
32.38,0.0
32.39,0.0
32.4,0.0
32.410000000000004,0.0
32.42,0.0
32.43,0.0
32.44,0.0
32.45,0.0
32.46,0.0
32.47,0.0
32.480000000000004,0.0
32.49,0.0
32.5,0.0
32.51,0.0
32.52,0.0
32.53,0.0
32.54,0.0
32.55,0.0
32.56,0.0
32.57,0.0
32.58,0.0
32.59,0.0
32.6,0.0
32.61,0.0
32.62,0.0
32.63,0.0
32.64,0.0
32.65,0.0
32.660000000000004,0.0
32.67,0.0
32.68,0.0
32.69,0.0
32.7,0.0
32.71,0.0
32.72,0.0
32.730000000000004,0.0
32.74,0.0
32.75,0.0
32.76,0.0
32.77,0.0
32.78,0.0
32.79,0.0
32.8,0.0
32.81,0.0
32.82,0.0
32.83,0.0
32.84,0.0
32.85,0.0
32.86,0.0
32.87,0.0
32.88,0.0
32.89,0.0
32.9,0.0
32.910000000000004,0.0
32.92,0.0
32.93,0.0
32.94,0.0
32.95,0.0
32.96,0.0
32.97,0.0
32.980000000000004,0.0
32.99,0.0
33.0,0.0
33.01,0.0
33.02,0.0
33.03,0.0
33.04,0.0
33.05,0.0
33.06,0.0
33.07,0.0
33.08,0.0
33.09,0.0
33.1,0.0
33.11,0.0
33.12,0.0
33.13,0.0
33.14,0.0
33.15,0.0
33.160000000000004,0.0
33.17,0.0
33.18,0.0
33.19,0.0
33.2,0.0
33.21,0.0
33.22,0.0
33.230000000000004,0.0
33.24,0.0
33.25,0.0
33.26,0.0
33.27,0.0
33.28,0.0
33.29,0.0
33.3,0.0
33.31,0.0
33.32,0.0
33.33,0.0
33.34,0.0
33.35,0.0
33.36,0.0
33.37,0.0
33.38,0.0
33.39,0.0
33.4,0.0
33.410000000000004,0.0
33.42,0.0
33.43,0.0
33.44,0.0
33.45,0.0
33.46,0.0
33.47,0.0
33.480000000000004,0.0
33.49,0.0
33.5,0.0
33.51,0.0
33.52,0.0
33.53,0.0
33.54,0.0
33.55,0.0
33.56,0.0
33.57,0.0
33.58,0.0
33.59,0.0
33.6,0.0
33.61,0.0
33.62,0.0
33.63,0.0
33.64,0.0
33.65,0.0
33.660000000000004,0.0
33.67,0.0
33.68,0.0
33.69,0.0
33.7,0.0
33.71,0.0
33.72,0.0
33.730000000000004,0.0
33.74,0.0
33.75,0.0
33.76,0.0
33.77,0.0
33.78,0.0
33.79,0.0
33.8,0.0
33.81,0.0
33.82,0.0
33.83,0.0
33.84,0.0
33.85,0.0
33.86,0.0
33.87,0.0
33.88,0.0
33.89,0.0
33.9,0.0
33.910000000000004,0.0
33.92,0.0
33.93,0.0
33.94,0.0
33.95,0.0
33.96,0.0
33.97,0.0
33.980000000000004,0.0
33.99,0.0
34.0,0.0
34.01,0.0
34.02,0.0
34.03,0.0
34.04,0.0
34.05,0.0
34.06,0.0
34.07,0.0
34.08,0.0
34.09,0.0
34.1,0.0
34.11,0.0
34.12,0.0
34.13,0.0
34.14,0.0
34.15,0.0
34.160000000000004,0.0
34.17,0.0
34.18,0.0
34.19,0.0
34.2,0.0
34.21,0.0
34.22,0.0
34.230000000000004,0.0
34.24,0.0
34.25,0.0
34.26,0.0
34.27,0.0
34.28,0.0
34.29,0.0
34.300000000000004,0.0
34.31,0.0
34.32,0.0
34.33,0.0
34.34,0.0
34.35,0.0
34.36,0.0
34.37,0.0
34.38,0.0
34.39,0.0
34.4,0.0
34.410000000000004,0.0
34.42,0.0
34.43,0.0
34.44,0.0
34.45,0.0
34.46,0.0
34.47,0.0
34.480000000000004,0.0
34.49,0.0
34.5,0.0
34.51,0.0
34.52,0.0
34.53,0.0
34.54,0.0
34.550000000000004,0.0
34.56,0.0
34.57,0.0
34.58,0.0
34.59,0.0
34.6,0.0
34.61,0.0
34.62,0.0
34.63,0.0
34.64,0.0
34.65,0.0
34.660000000000004,0.0
34.67,0.0
34.68,0.0
34.69,0.0
34.7,0.0
34.71,0.0
34.72,0.0
34.730000000000004,0.0
34.74,0.0
34.75,0.0
34.76,0.0
34.77,0.0
34.78,0.0
34.79,0.0
34.800000000000004,0.0
34.81,0.0
34.82,0.0
34.83,0.0
34.84,0.0
34.85,0.0
34.86,0.0
34.87,0.0
34.88,0.0
34.89,0.0
34.9,0.0
34.910000000000004,0.0
34.92,0.0
34.93,0.0
34.94,0.0
34.95,0.0
34.96,0.0
34.97,0.0
34.980000000000004,0.0
34.99,0.0
